Sequence,Segments,Fluorescence,FluorStdDev,Rep1-Fluor,Rep2-Fluor,Rep3-Fluor,Sample,LB-12H_M9-36H,LB-36H_M9-36H,std,Percent Error,mean,mean_transformed,Percent GpA,std_adjusted,Type,Mutant Type,percent_wt,wt_seq,position,wt_aa,mut_aa,mut_position,Mutant Type_x,Mutant Type_y
LLLYFLLAVLLGLLLATLILI,13.0,27582.0786,1433.803241,28710.73438,28066.74729,25968.75413,D,-61.61287067,-49.40923411,1433.8032386444286,5.198314671775421,27582.0786,23224.65972424363,79.13709380267133,1207.2908939152737,WT,,103.59020699496926,LLLYFLLAVLLGLLLGTLILI,G15A,G,A,15,,
LLLAYLLGVLLGLLLAFLILI,13.0,31803.75493,1266.613476,32533.50244,32536.56562,30341.19674,D,50.34365446,122.8598231,1266.613475939988,3.982590982087016,31803.754933333334,31383.47584509234,106.93793154757738,1249.8754788721044,WT,,100.98119889183546,LLLAYLLGVLLGLLLGFLILI,G15A,G,A,15,,
LLLTYLLAVLLGLLLAFLILI,13.0,28150.66384,1502.128155,28950.19566,29083.92106,26417.87481,D,-91.29578639,-88.70714313,1502.1281557115858,5.336031022470261,28150.66384333333,24323.50816337109,82.88137565802072,1297.909941350568,WT,,86.03382515027394,LLLTYLLGVLLGLLLAFLILI,G7A,G,A,7,,
LLLTVLLAILLGLLLAFLILI,13.0,27216.44906,2031.108977,26658.83311,29468.12347,25522.39058,D,-40.9366582,-27.94372591,2031.1089741817348,7.462799317433273,27216.449053333334,22518.04367789997,76.72932804825652,1680.476409893645,WT,,96.53704770757489,LLLTVLLAILLGLLLGFLILI,G15A,G,A,15,,
LLLAYLLGVLLGLLLGFLILI,13.0,31645.96643,2181.163442,32689.47276,33109.3568,29139.06973,D,2114.799586,2847.63252,2181.163439569546,6.892390044065233,31645.96643,31078.53361763737,105.89885317376988,2142.0537569035046,WT,,102.0558807142178,LLLSYLLGVLLGLLLGFLILI,S3A,S,A,3,,
LLLTVLLALLLGLLLGFLILI,13.0,27498.3073,1712.07854,27568.80997,29174.04543,25752.0665,D,-3.106530723,3.443060696,1712.0785376841884,6.22612337190729,27498.3073,23062.763221778983,78.58543798278025,1435.9160911588199,WT,,90.64282612133798,LLLTVLLGLLLGLLLGFLILI,G7A,G,A,7,,
LLLAYLLALLLGFLLGTLILI,13.0,30249.32133,1965.213027,30478.00483,32090.18804,28179.77111,D,-58.24202822,-46.37438814,1965.2130291981728,6.496717754344178,30249.321326666668,28379.375822377588,96.70158155955072,1843.7279476244637,WT,,94.97840801912196,LLLAYLLGLLLGFLLGTLILI,G7A,G,A,7,,
LLLYFLLAVLLGLLLATLILI,13.0,27582.0786,1433.803241,28710.73438,28066.74729,25968.75413,D,-61.61287067,-49.40923411,1433.8032386444286,5.198314671775421,27582.0786,23224.65972424363,79.13709380267133,1207.2908939152737,WT,,74.98048183572644,LLLYFLLGVLLGLLLATLILI,G7A,G,A,7,,
LLLAALLALLLGFLLGTLILI,13.0,28925.58867,1857.293344,29758.40822,30220.7125,26797.6453,D,-38.80866643,-8.813117848,1857.2933429890704,6.420935331564468,28925.58867333333,25821.12870465449,87.98445741093158,1657.9579760058948,WT,,90.9855412827442,LLLAYLLALLLGFLLGTLILI,Y4A,Y,A,4,,
LLLTVLLAILLGLLLGFLILI,13.0,27634.41504,2007.724466,27875.61505,29510.64363,25516.98644,D,-16.14881433,28.17004281,2007.7244635227391,7.2653047318592305,27634.415040000004,23325.80518321886,79.48174288557185,1694.6908277206655,WT,,87.72934376965023,LLLTVLLGILLGLLLGFLILI,G7A,G,A,7,,
LLLAYLLGVLLGTLLGLLILI,13.0,31244.78799,1599.244043,31544.1042,32673.22647,29517.03329,D,2645.969905,2920.912594,1599.2440383014675,5.118434597744511,31244.787986666663,30303.21573621641,103.25698867984792,1551.05027847166,WT,,100.56127566107504,LLLSYLLGVLLGTLLGLLILI,S3A,S,A,3,,
LLLAFLLALLLGVLLGTLILI,13.0,28157.14975,1345.041954,27937.21687,29598.60408,26935.62829,D,15.44323542,32.29347988,1345.0419574164548,4.776910907240124,28157.149746666662,24336.04282697296,82.92408702003951,1162.5110841922992,WT,,76.16076846653922,LLLAFLLGLLLGVLLGTLILI,G7A,G,A,7,,
LLLYALLALLLGVLLSTLILI,13.0,26614.42785,1355.405693,27259.53022,27526.78831,25056.96501,D,-36.93404701,-24.04588969,1355.4056910629922,5.092747809090137,26614.42784666667,21354.576860876947,72.76486166949043,1087.53474522278,WT,,96.77983349192168,LLLYILLALLLGVLLSTLILI,I4A,I,A,4,,
LLLTYLLAVLLGLLLAFLILI,13.0,28150.66384,1502.128155,28950.19566,29083.92106,26417.87481,D,-91.29578639,-88.70714313,1502.1281557115858,5.336031022470261,28150.66384333333,24323.50816337109,82.88137565802072,1297.909941350568,WT,,82.99872556660027,LLLTYLLAVLLGLLLGFLILI,G15A,G,A,15,,
LLLYTLLAVLLGLLLGFLILI,13.0,27436.84627,2002.599107,28744.88039,28434.24928,25131.40915,D,19.36543146,51.88049808,2002.599103379796,7.298940568567389,27436.84627333333,22943.983577017345,78.18070112114445,1674.6677253483583,WT,,71.81912092090859,LLLYTLLGVLLGLLLGFLILI,G7A,G,A,7,,
LLLAFLLGVLLGILLGLLILI,13.0,31934.33156,2423.8193,31193.09046,34642.22,29967.68421,D,-73.16900562,-68.27316474,2423.81929721224,7.590011060388828,31934.33155666667,31635.828364646302,107.79781260712356,2401.1628719222804,WT,,101.50615378267447,LLLTFLLGVLLGILLGLLILI,T3A,T,A,3,,
LLLTVLLAILLGLLLAFLILI,13.0,27216.44906,2031.108977,26658.83311,29468.12347,25522.39058,D,-40.9366582,-27.94372591,2031.1089741817348,7.462799317433273,27216.449053333334,22518.04367789997,76.72932804825652,1680.476409893645,WT,,82.20923803196638,LLLTVLLGILLGLLLAFLILI,G7A,G,A,7,,
LLLALLLGFLLGVLLGTLILI,13.0,31324.87979,2224.165813,32312.69884,32884.03472,28777.90579,D,-54.39590799,-48.23744016,2224.1658130591586,7.100317155063894,31324.879783333337,30458.001226670112,103.78441401235084,2162.614686186829,WT,,89.62934035444269,LLLGLLLGFLLGVLLGTLILI,G3A,G,A,3,,
LLLALLLGLLLGTLLAFLILI,13.0,30864.80318,1476.659615,31012.56942,32262.02423,29319.8159,D,-82.94999095,-79.30137811,1476.6596120312615,4.784283260321071,30864.803183333333,29568.85670574435,100.75468982297204,1414.6578616412514,WT,,98.36710113219608,LLLALLLGLLLGTLLGFLILI,G15A,G,A,15,,
LLLTALLGVLLGLLLGFLILI,13.0,31081.76834,2167.164263,31516.08672,32998.88341,28730.33489,D,-57.20510643,-37.1438917,2167.1642665711624,6.972461292629152,31081.76834,29988.16379565495,102.1834618652914,2090.9131130222704,WT,,85.06487517933049,LLLTLLLGVLLGLLLGFLILI,L4A,L,A,4,,
LLLALLLGLLLGTLLGFLILI,13.0,31118.78448,2803.864201,33611.14768,31662.22539,28082.98037,D,-40.62875721,-25.85091725,2803.864202994572,9.0101983411229,31118.78448,30059.701226741043,102.4272227841372,2708.438701278321,WT,,100.91048987761772,LLLGLLLGLLLGTLLGFLILI,G3A,G,A,3,,
LLLYLLLAILLGVLLATLILI,13.0,26659.41353,1597.764599,27088.04291,27999.14496,24891.05271,D,105.154898,143.3448162,1597.764600878381,5.993247373128377,26659.413526666667,21441.51623334692,73.0611040840615,1285.0431084139589,WT,,56.49207465637348,LLLYLLLGILLGVLLATLILI,G7A,G,A,7,,
LLLAYLLGLLLGTLLAFLILI,13.0,30875.19101,3006.551999,32415.54879,32799.41898,27410.60525,D,5167.771195,6510.824202,3006.5520001599534,9.737760001260458,30875.19100666667,29588.932224041047,100.82309634403396,2881.299206912736,WT,,66.91087496571313,LLLAYLLGLLLGTLLGFLILI,G15A,G,A,15,,
LLLAYLLGVLLGLLLGFLILI,13.0,31645.96643,2181.163442,32689.47276,33109.3568,29139.06973,D,2114.799586,2847.63252,2181.163439569546,6.892390044065233,31645.96643,31078.53361763737,105.89885317376988,2142.0537569035046,WT,,68.44774208745088,LLLTYLLGVLLGLLLGFLILI,T3A,T,A,3,,
LLLTALLGVLLGLLLGFLILI,13.0,31081.76834,2167.164263,31516.08672,32998.88341,28730.33489,D,-57.20510643,-37.1438917,2167.1642665711624,6.972461292629152,31081.76834,29988.16379565495,102.1834618652914,2090.9131130222704,WT,,66.04629827181869,LLLTYLLGVLLGLLLGFLILI,Y4A,Y,A,4,,
LLLAGLLFLLLGVLLATLILI,0.0,19666.00907,1260.894063,20213.80124,20560.3581,18223.86787,G,9.440208886,26.39510826,1652.1480858091184,8.519690902621452,19392.112985,21158.651811448595,71.26018833661591,1802.651733497335,WT,,97.68539471561412,LLLYGLLFLLLGVLLATLILI,Y3A,Y,A,3,,
LLLAYLLGVLLGLLLAFLILI,0.0,26253.95531,2054.166445,27511.43496,27366.95556,23883.47542,G,34.43724147,42.70664769,2463.192429122664,9.612377425992385,25625.21549,29174.9517982138,98.25827176415312,2804.406480695662,WT,,93.97576371214429,LLLAYLLGVLLGLLLGFLILI,G15A,G,A,15,,
LLLAYLLGVLLGLLLGFLILI,0.0,27345.2516,1445.009952,27876.90743,28449.1172,25709.73018,G,1609.181541,2263.480023,1937.0391381364093,7.153177114517867,27079.42369,31045.18723314572,104.55703458300856,2220.7172283206023,WT,,106.96551810619066,LLLSYLLGVLLGLLLGFLILI,S3A,S,A,3,,
LLLSYLLGVLLGLLLAFLILI,1.0,24963.08064,2734.898681,22503.07455,27908.00302,24478.16435,G,6.453249241,0.428227524,2425.2621819328497,9.259170134754791,26193.083685,29905.278597815,100.71793818102282,2768.9806246441026,WT,,103.03798766946998,LLLSYLLGVLLGLLLGFLILI,G15A,G,A,15,,
LLLTVLLGALLGLLLGFLILI,6.0,21942.634,3818.796741,26107.6922,21114.0691,18606.14071,G,-26.30205847,-43.31968058,1773.373171299261,8.929324289987989,19860.104905,21760.5292262822,73.28725028360587,1943.0682218323518,WT,,93.35070432302729,LLLTVLLGLLLGLLLGFLILI,L8A,L,A,8,,
LLLTYLLAVLLGLLLAFLILI,0.0,20853.09695,1101.698365,20989.42381,21880.28759,19689.57946,G,-84.97419463,-84.14771526,1549.0645743235,7.45282428957636,20784.933525,22949.9374942064,77.2930564160905,1710.4185160108068,WT,,81.33087669469761,LLLTYLLAVLLGLLLGFLILI,G15A,G,A,15,,
LLLTFLLAILLGLLLGVLILI,0.0,22394.26203,903.5430778,22131.43881,23400.07805,21651.26924,G,-45.68727059,-41.44918223,1236.5945685497757,5.489711819669647,22525.673645000003,25188.67734963537,84.83290466144213,1382.785797681384,WT,,87.0255075127062,LLLTFLLGILLGLLLGVLILI,G7A,G,A,7,,
LLLGALLALLLGTLLSFLILI,7.0,19844.45836,1022.083597,20262.78907,20591.01495,18679.57105,G,-74.94513182,-76.57934252,1351.5949435476623,6.883497707661723,19635.293,21471.40199475816,72.3134991601766,1477.9834641120115,WT,,88.29241732240826,LLLGYLLALLLGTLLSFLILI,Y4A,Y,A,4,,
LLLAGLLFLLLGVLLATLILI,0.0,19666.00907,1260.894063,20213.80124,20560.3581,18223.86787,G,9.440208886,26.39510826,1652.1480858091184,8.519690902621452,19392.112985,21158.651811448595,71.26018833661591,1802.651733497335,WT,,100.98898570644252,LLLAGLLFLLLGVLLGTLILI,G15A,G,A,15,,
LLLAYLLGVLLGLLLAFLILI,0.0,26253.95531,2054.166445,27511.43496,27366.95556,23883.47542,G,34.43724147,42.70664769,2463.192429122664,9.612377425992385,25625.21549,29174.9517982138,98.25827176415312,2804.406480695662,WT,,104.67394791628062,LLLAYLLGVLLGLLLTFLILI,T15A,T,A,15,,
LLLYALLALLLGTLLGFLILI,1.0,18890.14439,1268.160016,19851.62007,19365.91228,17452.90082,G,-22.79136223,-12.24356457,1352.7033758535788,7.347892351552086,18409.40655,19894.807750555105,67.00369002046835,1461.8490570590302,WT,,102.19597344373317,LLLYVLLALLLGTLLGFLILI,V4A,V,A,4,,
LLLYALLALLLGTLLSFLILI,0.0,19281.51675,1459.020984,19953.94572,20283.06969,17607.53484,G,-77.62236554,-76.53953403,1891.888835735932,9.98605780616682,18945.302265,20584.01522141187,69.32487071827073,2055.5316588403666,WT,,100.99749687546591,LLLYGLLALLLGTLLSFLILI,G4A,G,A,4,,
LLLAYLLGVLLGLLLAFLILI,0.0,26253.95531,2054.166445,27511.43496,27366.95556,23883.47542,G,34.43724147,42.70664769,2463.192429122664,9.612377425992385,25625.21549,29174.9517982138,98.25827176415312,2804.406480695662,WT,,100.50444780302648,LLLAYLLGVLLGLLLSFLILI,S15A,S,A,15,,
LLLAYLLGVLLGLLLAFLILI,0.0,26253.95531,2054.166445,27511.43496,27366.95556,23883.47542,G,34.43724147,42.70664769,2463.192429122664,9.612377425992385,25625.21549,29174.9517982138,98.25827176415312,2804.406480695662,WT,,97.55786659130284,LLLSYLLGVLLGLLLAFLILI,S3A,S,A,3,,
LLLAYLLGLLLGVLLGTLILI,0.0,26622.68502,2186.111322,27199.32784,28462.67163,24206.0556,G,6558.955859,7031.696322,3009.8820597203617,11.4294846981073,26334.363615,30086.97660455896,101.3298785965249,3438.7863871411896,WT,,100.32631373369692,LLLSYLLGLLLGVLLGTLILI,S3A,S,A,3,,
LLLTALLAILLGLLLGFLILI,15.0,27556.1331,1780.208015,27959.98096,29099.72364,25608.6947,D,-14.90964388,9.538928355,1780.2080174797877,6.4602969183647465,27556.133099999995,23174.5174236622,78.96623593040498,1497.1426349667504,Mutant,,99.35141463127069,LLLTVLLAILLGLLLGFLILI,V4A,V,A,4,void,void
LLLAALLGVLLGTLLGFLILI,6.0,24479.28179,955.8648918,24694.89204,25308.92632,23434.02701,G,127.3243377,134.010668,1325.7540161429768,5.439777139342971,24371.476665,27562.537030737665,92.82782274353455,1499.3405884210085,Mutant,,97.9281979106966,LLLALLLGVLLGTLLGFLILI,L4A,L,A,4,void,void
LLLALLLGVLLGALLGFLILI,6.0,26248.8033,1369.383413,26938.13213,27136.54719,24671.73057,G,-56.02484346,-53.69015016,1742.888546383307,6.728224221068207,25904.13888,29533.6710019766,99.46640157544223,1987.091605725587,Mutant,,104.93152991270776,LLLALLLGVLLGTLLGFLILI,T12A,T,A,12,void,void
LLLTYLLAVLLGLLLAALILI,6.0,20825.80163,915.8322661,20365.68175,21880.46209,20231.26106,G,-61.86340993,-61.88541931,1166.161231852839,5.5384161208460965,21055.861575000003,23298.37401067427,78.46655518189652,1290.3609021022012,Mutant,,101.51824603686102,LLLTYLLAVLLGLLLAFLILI,F16A,F,A,16,void,void
LLLTALLAVLLGLLLAFLILI,6.0,20061.29241,1184.021154,19304.75223,21425.78829,19453.33671,G,-2.178222404,-22.38295918,1394.7338877801203,6.823697365245075,20439.5625,22505.76098003618,75.79711507084158,1535.725019023083,Mutant,,98.0645850809731,LLLTYLLAVLLGLLLAFLILI,Y4A,Y,A,4,void,void
LLLAALLALLLGTLLSFLILI,6.0,19417.25566,1405.466189,20250.6539,20206.55022,17794.56287,G,-71.08609545,-70.63311226,1705.5326113211702,8.976224497855466,19000.556545,20655.07692522268,69.56419931265401,1854.0460750127295,Mutant,,96.19808212926772,LLLGALLALLLGTLLSFLILI,G3A,G,A,3,void,void
LLLYGLLFALLGVLLATLILI,6.0,19860.4644,1886.627012,21337.78214,20508.35185,17735.25921,G,17.57670979,20.35602652,1960.872610602505,10.254641527057224,19121.80553,20811.01343293631,70.08937761830649,2134.094825695344,Mutant,,96.08041569682364,LLLYGLLFLLLGVLLATLILI,L8A,L,A,8,void,void
LLLALLLGALLGVLLGTLILI,7.0,25442.40906,1533.320145,27199.20347,24754.60493,24373.41878,G,-41.65903834,-47.16969715,269.53931155939347,1.0972935249765758,24564.011855,27810.15366143012,93.66177038328328,305.1590154129088,Mutant,,45.56918892160813,LLLALLLGLLLGVLLGTLILI,L8A,L,A,8,void,void
LLLAALLGLLLGVLLGTLILI,6.0,26119.15828,2104.828631,26821.688,27782.87297,23752.91388,G,344.3889149,328.3706521,2849.6114004433684,11.058767410449924,25767.893425,29358.44775829704,98.87626750372404,3246.6824529085193,Mutant,,48.10619418469632,LLLALLLGLLLGVLLGTLILI,L4A,L,A,4,void,void
LLLYVLLGLLLGTLLAALILI,6.0,19866.51421,2151.57496,20680.11846,21492.64369,17426.78048,G,-32.08330136,-9.657189986,2874.999447167904,14.77411091495038,19459.712085,21245.5900037855,71.5529873303694,3138.8470316948806,Mutant,,98.89748604472884,LLLYVLLGLLLGTLLAFLILI,F16A,F,A,16,void,void
LLLYALLGLLLGTLLAFLILI,6.0,20316.87154,1563.030969,21987.66764,20072.57087,18890.37612,G,-17.75572582,-20.72317906,835.9379244081343,4.290937872962645,19481.473495,21273.57702799296,71.64724478277125,912.835973628031,Mutant,,99.02776467363476,LLLYVLLGLLLGTLLAFLILI,V4A,V,A,4,void,void
LLLYALLAVLLGLLLGTLILI,7.0,19767.61674,2437.054556,21983.13,20162.47804,17157.24218,G,1.537445783,-8.658607389,2125.0226556709868,11.388202500683091,18659.86011,20216.91233139632,68.08850550395826,2302.3429156849843,Mutant,,95.0859738467913,LLLYFLLAVLLGLLLGTLILI,F4A,F,A,4,void,void
LLLAYLLGVLLGLLLGALILI,6.0,23802.95631,1741.07598,22329.47491,25724.17368,23355.22034,G,1115.193768,1139.350572,1675.1029710285209,6.826094757184293,24539.69701,27778.882702626648,93.55645297300308,1896.2128557683723,Mutant,,89.47886992599044,LLLAYLLGVLLGLLLGFLILI,F16A,F,A,16,void,void
LLLAALLGVLLGLLLGFLILI,6.0,26543.94736,2398.244648,26855.89289,28770.95485,24004.99434,G,-2.607168432,-8.577047835,3370.0429954882943,12.771131726520805,26387.974595,30155.92488479656,101.56208939516183,3851.252890388036,Mutant,,97.13558709866716,LLLAYLLGVLLGLLLGFLILI,Y4A,Y,A,4,void,void
LLLTALLGLLLGVLLAILILI,7.0,24830.84259,1610.078729,26197.12533,25239.62939,23055.77306,G,-52.13910685,-50.64808843,1544.2196200801657,6.394892854154757,24147.701225,27274.74278136162,91.85856096847026,1744.1905771143847,Mutant,,88.52208219701839,LLLTFLLGLLLGVLLAILILI,F4A,F,A,4,void,void
LLLTVLLAILLGLLLGALILI,6.0,20092.74644,1278.321905,20756.14897,20902.98638,18619.10398,G,36.70968795,36.15636248,1614.948732472606,8.172385204134258,19761.04518,21633.129994267405,72.85818262144029,1767.9427148426396,Mutant,,98.0381206434371,LLLTVLLAILLGLLLGFLILI,F16A,F,A,16,void,void
LLLTVLLAALLGLLLGFLILI,6.0,21579.41202,3319.194236,25015.19708,21332.43286,18390.60611,G,6.838736917,16.79808223,2080.1856440009824,10.473446634191305,19861.519485,21762.34849648129,73.29337740069151,2279.2679561257014,Mutant,,98.62371963501928,LLLTVLLAILLGLLLGFLILI,I8A,I,A,8,void,void
LLLSYLLGVLLGALLGFLILI,7.0,23621.77422,779.3301472,24072.74866,24070.69195,22721.88207,G,5867.162026,7230.76435,953.752612679414,4.076512705933906,23396.28701,26308.36018827451,88.60388263630199,1072.4636457978677,Mutant,,90.64488343811864,LLLSYLLGVLLGLLLGFLILI,L12A,L,A,12,void,void
LLLSYLLGVLLGLLLGALILI,6.0,26032.76312,1833.274092,26394.7449,27658.04485,24045.49961,G,1494.633749,1550.985068,2554.455236547183,9.881161004439129,25851.77223,29466.32303595724,99.23958047240625,2911.614821271071,Mutant,,101.52557581809036,LLLSYLLGVLLGLLLGFLILI,F16A,F,A,16,void,void
LLLSALLGVLLGLLLGFLILI,6.0,26804.68824,1248.313074,28106.12624,26690.6068,25617.33168,G,-29.9459075,-28.86087528,758.920115430807,2.9017397262596423,26153.96924,29854.97409461065,100.54851772812884,866.3136435678422,Mutant,,102.86466459662402,LLLSYLLGVLLGLLLGFLILI,Y4A,Y,A,4,void,void
LLLTALLGVLLGLLLGALILI,7.0,26904.13278,1207.702313,26038.53058,28283.82062,26390.04714,G,-40.21734201,-32.83974867,1339.1000697392467,4.898501330169098,27336.93388,31376.367240378542,105.672415179988,1536.9717666286838,Mutant,,30.262842586629656,LLLTALLGVLLGLLLGFLILI,F16A,F,A,16,void,void
LLLAYLLAVLLGALLGFLILI,7.0,22331.85557,1562.504677,23395.66473,23061.95473,20537.94726,G,-3.156360903,-16.86174078,1784.7427978025016,8.186911971553732,21799.950995,24255.3362943706,81.68950686969451,1985.763030824444,Mutant,,94.87545084644678,LLLAYLLAVLLGLLLGFLILI,L12A,L,A,12,void,void
LLLAALLAVLLGLLLGFLILI,7.0,19757.94778,1234.746053,19659.48242,21038.97843,18575.38248,G,7.698455718,6.322574826,1742.025402348714,8.794918622094785,19807.180455,21692.463882018368,73.05801312357036,1907.834545550819,Mutant,,84.85070113228709,LLLAYLLAVLLGLLLGFLILI,Y4A,Y,A,4,void,void
LLLTVLLGLLLGALLGFLILI,6.0,20484.49121,2645.603178,22503.90792,21459.89829,17489.66742,G,-99.99839341,61.47027452,2807.377171053166,14.41544787408191,19474.782855,21264.972295871128,71.61826491973217,3065.4409967492616,Mutant,,91.2248098649937,LLLTVLLGLLLGLLLGFLILI,L12A,L,A,12,void,void
LLLAYLLGALLGVLLGTLILI,6.0,24762.34432,1211.107701,25864.75603,24956.32178,23465.95514,G,3433.514718,4031.606768,1053.8483575982102,4.352741856147356,24211.13846,27356.328461315225,92.13333324464708,1190.7503592408198,Mutant,,90.92415240277091,LLLAYLLGLLLGVLLGTLILI,L8A,L,A,8,void,void
LLLAYLLGLLLGALLGTLILI,7.0,25747.46532,1607.655518,25975.92437,27228.67025,24037.80133,G,15520.63235,13039.65526,2256.285051209396,8.802185840656195,25633.23579,29185.266586191745,98.29301092147328,2568.9414030075336,Mutant,,97.00298893365516,LLLAYLLGLLLGVLLGTLILI,V12A,V,A,12,void,void
LLLAALLALLLGTLLGFLILI,7.0,19143.39707,1344.872501,19563.7092,20227.91677,17638.56525,G,-10.15860236,-6.356675257,1830.9480186676944,9.670547254432773,18933.24101,20568.5034215948,69.27262855339865,1989.0868429149468,Mutant,,103.38628892265066,LLLYALLALLLGTLLGFLILI,Y3A,Y,A,3,void,void
LLLYALLAALLGTLLGFLILI,7.0,19491.91352,3042.486553,22563.8949,19432.04011,16479.80555,G,-29.21615766,-15.63601876,2087.545077029284,11.625941461173474,17955.922830000003,19311.58911493695,65.03946894504584,2245.1540457249184,Mutant,,97.06848820591452,LLLYALLALLLGTLLGFLILI,L8A,L,A,8,void,void
LLLSYLLGVLLGTLLGALILI,7.0,24939.09625,1307.688835,24903.53322,26264.20387,23649.55166,G,3438.114947,3299.245852,1848.8383081353927,7.408131439936125,24956.877765,28315.412637454858,95.36343125048498,2097.64298594294,Mutant,,96.57842626712768,LLLSYLLGVLLGTLLGLLILI,L16A,L,A,16,void,void
LLLSYLLGALLGTLLGLLILI,7.0,24436.87512,2918.143566,26696.71105,25471.5398,21142.3745,G,704.4422749,789.0218259,3061.182140507492,13.134199032530043,23306.95715,26193.47439023713,88.21695894767092,3440.3030599485296,Mutant,,89.34090304342459,LLLSYLLGVLLGTLLGLLILI,V8A,V,A,8,void,void
LLLTYLLAVLLGLLLGALILI,7.0,23018.83592,755.0479768,23889.22118,22627.45612,22539.83045,G,-58.63267916,-49.53567707,61.96070546301294,0.2743609818889014,22583.643285,25263.23123736496,85.0839945762524,69.31244927969816,Mutant,,89.52881659021757,LLLTYLLAVLLGLLLGFLILI,F16A,F,A,16,void,void
LLLSTLLGALLGILLAALILI,7.0,24636.38086,1372.532681,26078.84307,24483.76479,23346.53473,G,-49.82930167,-38.36064781,804.1430871951856,3.3624840122898965,23915.14976,26975.661817378383,90.85128668600343,907.0523158187383,Mutant,,95.85864799937266,LLLSTLLGALLGILLALLILI,L16A,L,A,16,void,void
LLLSTLLGALLGALLALLILI,7.0,26076.16044,1298.040648,26588.86852,27039.54298,24600.06981,G,55.44851919,121.15171,1724.9680210296417,6.680793785361929,25819.806395,29425.21225324801,99.1011235355167,1965.8377515445497,Mutant,,104.563183019806,LLLSTLLGALLGILLALLILI,I12A,I,A,12,void,void
LLLTALLGILLGVLLGALILI,7.0,23579.67827,823.8869177,24169.86317,23930.76768,22638.40397,G,-3.082808649,-14.11157342,913.8391431004056,3.9246527723041673,23284.585825,26164.70296346249,88.12005970716427,1026.8737402206812,Mutant,,86.87704492411864,LLLTLLLGILLGVLLGALILI,L4A,L,A,4,void,void
LLLTLLLGALLGVLLGALILI,7.0,24015.18637,2711.273119,26987.38867,23380.85515,21677.31528,G,-7.243387505,19.58000002,1204.58459409865,5.34679762894514,22529.085215,25193.064918831275,84.84768154845864,1347.0221977386805,Mutant,,83.65082667997167,LLLTLLLGILLGVLLGALILI,I8A,I,A,8,void,void
LLLAYLLGVLLGALLAFLILI,6.0,26530.13804,1551.455315,24773.75474,27102.79434,27713.86505,G,4909.77599,4567.181201,432.0922428254782,1.5764997270311705,27408.329695,31468.188331140413,105.9816592792469,496.0959031420833,Mutant,,107.86029244808218,LLLAYLLGVLLGLLLAFLILI,L12A,L,A,12,void,void
LLLTALLGILLGLLLGVLILI,7.0,26602.53903,630.0607239,26476.74448,27286.00726,26044.86535,G,-59.14492733,-59.44575302,877.6198609758226,3.291226331111114,26665.436305,30512.7642437541,102.76388808024974,1004.2441311402919,Mutant,,105.41993758027532,LLLTFLLGILLGLLLGVLILI,F4A,F,A,4,void,void
LLLTFLLAVLLGLLLGALILI,6.0,21845.60748,1744.498529,21053.27222,23845.65439,20637.89584,G,-21.84883777,6.29981414,2268.227823114126,10.198052140111866,22241.775115,24823.559692665018,83.60322551020936,2531.5195604897713,Mutant,,77.63314891851569,LLLTFLLGVLLGLLLGALILI,G7A,G,A,7,void,void
LLLTALLAILLGLLLGVLILI,6.0,20921.10994,869.0046009,21799.0458,20902.96318,20061.32083,G,-2.002697729,12.05794835,595.1310130187803,2.9056092515787646,20482.142005,22560.521845126103,75.98154409753752,655.5206099364323,Mutant,,89.5661234290759,LLLTFLLAILLGLLLGVLILI,F4A,F,A,4,void,void
LLLTFLLAALLGLLLGVLILI,6.0,22643.52929,3705.558358,26815.20824,21381.69454,19733.68509,G,-19.86849901,-15.39752216,1165.3186575545135,5.668529236705547,20557.689815,22657.68275461176,76.30877216341828,1284.3573713051585,Mutant,,89.95185590774877,LLLTFLLAILLGLLLGVLILI,I8A,I,A,8,void,void
LLLTGLLAGLLAILLSLLILI,6.0,18336.59365,1087.227363,18360.91143,19411.45813,17237.41137,G,-32.80652643,-32.71306492,1537.2832066126407,8.389253079758111,18324.43475,19785.52678835867,66.63564284916839,1659.857915438746,Mutant,,101.01129572750656,LLLTGLLFGLLAILLSLLILI,F7A,F,A,7,void,void
LLLTGLLFGLLAILLSALILI,6.0,18442.41602,1208.797838,17887.09946,19829.0873,17611.06128,G,27.44277866,26.04855518,1568.381239590207,8.378071664106665,18720.07429,20294.35288847842,68.34931742769234,1700.2754287634232,Mutant,,103.60901193809087,LLLTGLLFGLLAILLSLLILI,L16A,L,A,16,void,void
LLLATLLVGLLALLLGTLILI,6.0,20166.16222,1160.684871,20556.46056,21081.39127,18860.63484,G,0.726248033,2.405301028,1570.3119310166294,7.862955808461011,19971.013055,21903.1665406315,73.76763825798811,1722.2363057434734,Mutant,,98.48395839675868,LLLATLLVGLLFLLLGTLILI,F11A,F,A,11,void,void
LLLATLLVGLLFLLLGALILI,6.0,21177.76151,2222.218331,22252.2447,22658.53099,18622.50883,G,4.634007083,-20.15066574,2853.8986383551774,13.826680000306144,20640.51991,22764.20930201245,76.66754274569685,3147.5343747891857,Mutant,,102.3554944749949,LLLATLLVGLLFLLLGTLILI,T16A,T,A,16,void,void
LLLTALLVGLLGGLLALLILI,6.0,20202.98116,1451.42318,20446.65175,21517.14647,18645.14527,G,-36.58127004,-31.66279466,2030.811524095901,10.113026105396749,20081.14587,22044.8067082236,74.24466794346087,2229.397057286906,Mutant,,102.96903724830996,LLLTALLVGLLGGLLFLLILI,F15A,F,A,15,void,void
LLLTVLLLGLLFGLLAALILI,6.0,20589.04799,1254.835572,20490.6976,21890.16476,19386.28161,G,-23.03618002,-15.82121173,1770.5127546637343,8.578804186741014,20638.223185,22761.255518311264,76.65759470246952,1952.6435413597067,Mutant,,95.2484164672504,LLLTVLLLGLLFGLLFALILI,F15A,F,A,15,void,void
LLLTVLLLGLLAGLLFALILI,6.0,22146.15831,940.6482346,22848.09171,22513.02601,21077.35721,G,-37.70376226,-43.4409058,1015.1711440179556,4.657775724954755,21795.19161,24249.21532044439,81.66889205176226,1129.474064687668,Mutant,,101.47504200669334,LLLTVLLLGLLFGLLFALILI,F11A,F,A,11,void,void
LLLTALLAGLLALLLSVLILI,7.0,19323.60328,729.8728112,18640.69173,20092.77179,19237.34631,G,16.06184064,17.34285409,604.877157707756,3.075897998423534,19665.05905,21509.68366685157,72.44242794011623,661.6159293759213,Mutant,,99.7051293414006,LLLTALLAGLLFLLLSVLILI,F11A,F,A,11,void,void
LLLAALLAGLLFLLLSVLILI,7.0,19419.69286,1482.492555,18661.25398,21127.95783,18469.86676,G,7.940732677,-15.61740623,1879.5542206084049,9.493219590063369,19798.912295,21681.830324998344,73.02220038452218,2058.303763897043,Mutant,,100.50309109118984,LLLTALLAGLLFLLLSVLILI,T3A,T,A,3,void,void
LLLYALLALLLGTLLSALILI,6.0,19217.35003,1339.944302,19756.24584,20203.94521,17691.85905,G,-10.81692313,-22.35698897,1776.3131586608763,9.374722048244378,18947.90213,20587.358868937063,69.3361317832242,1930.0076710374371,Mutant,,100.0162439032872,LLLYALLALLLGTLLSFLILI,F16A,F,A,16,void,void
LLLAALLALLLGALLGTLILI,6.0,20343.77256,1906.397244,20372.49819,22235.64467,18423.17482,G,37.95384198,82.90655409,2695.8232840042606,13.260706128800887,20329.409745,22364.095167908057,75.3199990171785,2965.6369385816465,Mutant,,102.78367640153324,LLLAALLALLLGVLLGTLILI,V12A,V,A,12,void,void
LLLLTLLVGLLFALLAGLILI,7.0,20208.82613,1124.404354,20516.20068,21147.57916,18962.69855,G,-11.21608702,3.986724459,1544.9438954140005,7.7034814198198704,20055.138855,22011.359474870216,74.13202106173415,1695.6409873963878,Mutant,,105.54018509532722,LLLLTLLVGLLFALLYGLILI,Y15A,Y,A,15,void,void
LLLLTLLVGLLAALLYGLILI,7.0,19359.31646,880.8651316,20100.78487,19591.56801,18385.5965,G,-0.379640138,4.133498585,852.7506326387798,4.49085993460221,18988.582255,20639.676969792537,69.51233382830713,926.8989836677325,Mutant,,98.9632344238706,LLLLTLLVGLLFALLYGLILI,F11A,F,A,11,void,void
LLLVALLAALLGLLLGTLILI,6.0,23243.11685,5719.80058,29806.98324,19326.46938,20595.89793,G,-99.99960053,-99.99960053,897.6215359368067,4.496835215039789,19961.183655,21890.525096178008,73.72506315818353,984.3808412820551,Mutant,,99.64002420405342,LLLVALLFALLGLLLGTLILI,F7A,F,A,7,void,void
LLLVGLLLALLGALLGTLILI,6.0,20882.06444,2173.335111,22822.34116,21290.2875,18533.56467,G,79.05155276,36.89307826,1949.297406944769,9.789597443379469,19911.926085,21827.17567148583,73.51170873585035,2136.7926314977226,Mutant,,98.9806129364858,LLLVGLLLALLGLLLGTLILI,L12A,L,A,12,void,void
LLLAGLLFLLLGTLLSALILI,6.0,19114.8269,1516.988477,19513.22618,20392.85863,17438.39588,G,32.43357624,10.05427498,2089.1206452880547,11.044416434754147,18915.627255,20545.850634501992,69.19633626932652,2269.169304136977,Mutant,,103.75070682242024,LLLAGLLFLLLGTLLSYLILI,Y16A,Y,A,16,void,void
LLLAGLLALLLGTLLSYLILI,6.0,18772.00871,651.9178331,19096.56969,19197.93907,18021.51739,G,34.63804105,33.85603957,831.8557474628702,4.470004812439274,18609.72823,20152.43846967847,67.8713640920316,900.8149694184913,Mutant,,101.76408719303208,LLLAGLLFLLLGTLLSYLILI,F7A,F,A,7,void,void
LLLTALLIGLLAGLLVLLILI,6.0,20104.82096,1266.093108,20770.08016,20899.60628,18644.77644,G,-7.523784847,-10.18679685,1594.405470285777,8.063878410115574,19772.19136,21647.464929801485,72.90646122704591,1745.6252508116024,Mutant,,96.39021792786188,LLLTALLIGLLFGLLVLLILI,F11A,F,A,11,void,void
LLLTALLAGLLFGLLVLLILI,6.0,19847.00524,1640.760972,21406.55203,19998.8739,18135.58979,G,0.605840557,11.95880365,1317.540829458139,6.909974348497983,19067.231845,20740.82703218448,69.85299695564353,1433.185827590283,Mutant,,92.35320829110518,LLLTALLIGLLFGLLVLLILI,I7A,I,A,7,void,void
LLLAVLLIGLLAGLLSTLILI,6.0,20962.54014,1260.27846,21615.38456,21762.46042,19509.77543,G,-27.8939087,-28.54243369,1592.8888323061487,7.718936469036236,20636.117925,22758.5479748854,76.64847597145699,1756.7178594565369,Mutant,,100.32006967832956,LLLAVLLIGLLFGLLSTLILI,F11A,F,A,11,void,void
LLLAVLLAGLLFGLLSTLILI,6.0,21210.30923,903.9671556,21753.6336,21710.49909,20166.79499,G,18.02651371,28.60597708,1091.5636372554782,5.2131526701329705,20938.64704,23147.626148816475,77.95885170801469,1206.7210906494238,Mutant,,102.03513293992935,LLLAVLLIGLLFGLLSTLILI,I7A,I,A,7,void,void
LLLTALLALLLGVLLSALILI,7.0,22844.35621,350.6137735,23229.96485,22758.36717,22544.73662,G,-49.13869018,-50.49735423,151.059610573613,0.666884155548553,22651.551895,25350.56748588768,85.37813418277378,169.0589179050281,Mutant,,104.73988669619747,LLLTALLALLLGVLLSILILI,I16A,I,A,16,void,void
LLLTSLLLALLFGLLAALILI,6.0,20612.09259,2723.054693,23126.31685,20990.22788,17719.73304,G,-21.5638316,-13.19385255,2312.589079199613,11.948289402714348,19354.98046,21110.896225939247,71.09935237939862,2522.390976581922,Mutant,,95.3309313580436,LLLTSLLLALLFGLLFALILI,F15A,F,A,15,void,void
LLLAGLLFLLLGALLATLILI,6.0,20450.46235,1276.323874,21330.07751,21034.72045,18986.58909,G,52.80381149,30.93449525,1448.2475734168256,7.237382234928365,20010.65477,21954.14915790355,73.93934253012581,1588.9056909837868,Mutant,,103.75967879968856,LLLAGLLFLLLGVLLATLILI,V12A,V,A,12,void,void
LLLAGLLFALLGVLLATLILI,6.0,20738.83847,2045.039078,21192.09666,22519.22273,18505.19603,G,15.8282119,8.944474337,2838.345499433861,13.837346562000924,20512.20938,22599.19104679914,76.1117780377055,3127.128385354282,Mutant,,106.80827515943665,LLLAGLLFLLLGVLLATLILI,L8A,L,A,8,void,void
LLLYGLLAALLGILLTLLILI,6.0,20660.84265,2776.59618,23602.2791,20294.86423,18085.38462,G,-3.179883629,-2.539783786,1562.338015124407,8.141364696359478,19190.124425,20898.877342866403,70.38529433480645,1701.453821927595,Mutant,,97.06709746995972,LLLYGLLFALLGILLTLLILI,F7A,F,A,7,void,void
LLLVGLLAILLGALLATLILI,6.0,22013.84128,1824.599372,22568.09564,23497.04488,19976.38332,G,50.46451745,56.33115032,2489.483663338809,11.452897856989384,21736.7141,24174.0082686972,81.41560234694059,2768.624474954058,Mutant,,86.60375897659655,LLLVGLLLILLGALLATLILI,L7A,L,A,7,void,void
LLLGTLLVGLLFALLSALILI,7.0,20509.73066,1644.669696,21847.55267,21008.12965,18673.50967,G,22.66135507,9.885636253,1650.8256193516015,8.32034990308259,19840.81966,21735.72676087845,73.20371810151633,1808.4885204830466,Mutant,,99.51127446459898,LLLGTLLVGLLFALLSLLILI,L16A,L,A,16,void,void
LLLGTLLVGLLAALLSLLILI,7.0,20185.85522,1314.576596,20325.42488,21425.07837,18807.06243,G,-53.90650633,-57.31659421,1851.216824428472,9.202676206723115,20116.0704,22089.722624358816,74.39594018290362,2032.8456480830018,Mutant,,101.1319508706684,LLLGTLLVGLLFALLSLLILI,F11A,F,A,11,void,void
LLLYVLLTALLGGLLFALILI,6.0,20227.67099,1519.128708,21977.8875,19454.09421,19251.03125,G,12.70628774,14.327341,143.58719602381214,0.7419544275716302,19352.56273,21107.786819515804,71.08888021466319,156.6101588697785,Mutant,,97.52722610971624,LLLYVLLTLLLGGLLFALILI,L8A,L,A,8,void,void
LLLYVLLGILLGALLAFLILI,6.0,23740.49239,916.1931454,24073.1569,24443.87884,22704.44143,G,13.36007283,-6.356866632,1229.9679880605663,5.217441389288189,23574.160135,26537.120156274326,89.37432295304866,1384.5586905585953,Mutant,,101.67532906136792,LLLYVLLGILLGLLLAFLILI,L12A,L,A,12,void,void
LLLYALLVGLLFLLLGALILI,7.0,18824.55113,1276.077617,18804.10815,20110.72742,17558.81783,G,1.88018522,12.83999763,1804.4725760639817,9.58053814607163,18834.772625,20441.864703117262,68.84612222351359,1958.4406456505014,Mutant,,98.2332324566679,LLLYALLVGLLFLLLGTLILI,T16A,T,A,16,void,void
LLLYALLVGLLALLLGTLILI,7.0,19315.63907,1472.002491,20198.08226,20132.49611,17616.33884,G,-16.11808824,5.526967539,1779.1918681488305,9.426473005089818,18874.417475,20492.851352265967,69.017840074602,1931.7531006945349,Mutant,,98.47824842907318,LLLYALLVGLLFLLLGTLILI,F11A,F,A,11,void,void
LLLGYLLALLLGTLLSALILI,7.0,23871.75894,1140.971946,24786.25449,24235.84568,22593.17664,G,-75.83813733,-79.21212354,1161.542417429194,4.9607801311415205,23414.51116,26331.797995255325,88.68281878755272,1306.2626031209472,Mutant,,108.27882119733108,LLLGYLLALLLGTLLSFLILI,F16A,F,A,16,void,void
LLLAALLGVLLGTLLSFLILI,7.0,26028.79671,1145.126416,26837.7632,26530.12493,24718.50199,G,-84.01955752,-83.96249835,1281.0108658271108,4.999200731082185,25624.31346,29173.79171091037,98.2543647080483,1458.456408496225,Mutant,,97.44067436682796,LLLALLLGVLLGTLLSFLILI,L4A,L,A,4,void,void
LLLAVLLLTLLGGLLAALILI,6.0,21923.55431,3680.358665,25484.73609,22151.32796,18134.59888,G,40.27503442,43.90480586,2840.2563706572005,14.100489145688972,20142.96342,22124.309335502607,74.5124247099904,3119.635836411197,Mutant,,100.60679458377544,LLLAVLLLTLLGGLLFALILI,F15A,F,A,15,void,void
LLLAVLLATLLGGLLFALILI,6.0,22358.72317,4412.407071,27083.36078,21647.97505,18344.83367,G,-99.99948425,-99.99948425,2335.6736690158914,11.680468283028317,19996.40436,21935.821918554804,73.87761825112543,2562.2067218183674,Mutant,,99.74967789141095,LLLAVLLLTLLGGLLFALILI,L7A,L,A,7,void,void
LLLAGLLFLLLGALLGTLILI,7.0,19411.93983,1967.845886,20086.82791,20953.54128,17195.45029,G,95.27866518,105.3037073,2657.3716233450664,13.931543215075692,19074.495785,20750.169076869148,69.88446001243993,2890.8187721452978,Mutant,,99.0393219277016,LLLAGLLFLLLGVLLGTLILI,V12A,V,A,12,void,void
LLLVALLLTLLGGLLAALILI,6.0,22280.96907,3689.350137,25930.72564,22358.92083,18553.26074,G,-5.843449098,15.5734188,2691.008056530005,13.155045530513885,20456.090785,22527.0177603828,75.86870574610901,2963.4394430453067,Mutant,,101.4386808188718,LLLVALLLTLLGGLLFALILI,F15A,F,A,15,void,void
LLLAALLGVLLGLLLTFLILI,6.0,23841.93766,539.5143202,24424.73457,23741.16061,23359.91779,G,-46.48547219,-37.64189237,269.579383300682,1.1446845484568862,23550.5392,26506.741624752347,89.2720111471294,303.41857567792994,Mutant,,95.10093834772005,LLLAYLLGVLLGLLLTFLILI,Y4A,Y,A,4,void,void
LLLAYLLGVLLGLLLTALILI,6.0,24578.74194,550.2552077,24960.11247,23947.94512,24828.16824,G,286.109763,284.757756,622.4117371091793,2.5521169860967343,24388.05668,27583.86034026425,92.89963748231683,703.9723851650845,Mutant,,98.96542693734804,LLLAYLLGVLLGLLLTFLILI,F16A,F,A,16,void,void
LLLTALLLALLAGLLFSLILI,6.0,20687.15992,3018.397617,23875.41354,20312.46057,17873.60565,G,-25.05661163,-12.29571864,1724.5308522621733,9.032251933606862,19093.03311,20774.0096535375,69.9647526510532,1876.360888619317,Mutant,,93.28559219104328,LLLTALLLALLFGLLFSLILI,F11A,F,A,11,void,void
LLLTALLLALLFGLLASLILI,6.0,20757.94227,2108.707136,23039.9744,20352.38035,18881.47206,G,-17.14693804,-12.2890341,1040.0892263625085,5.301998975239089,19616.926205,21447.78073417448,72.2339451558411,1137.1611147374576,Mutant,,96.31115804504378,LLLTALLLALLFGLLFSLILI,F15A,F,A,15,void,void
LLLAVLLALLLGTLLGFLILI,6.0,19672.99264,1355.736438,20695.72334,20188.04715,18135.20743,G,-8.927396052,9.430256143,1451.5768867010936,7.575436390304061,19161.62729,20862.227603392337,70.2618617380284,1580.404781695442,Mutant,,107.16543154702822,LLLYVLLALLLGTLLGFLILI,Y3A,Y,A,3,void,void
LLLYVLLALLLGTLLGALILI,6.0,19443.9607,1874.748545,20590.78237,20460.60714,17280.49258,G,9.096078255,5.049296282,2248.680570326075,11.91634895119095,18870.54986,20487.877270410507,69.00108787257227,2441.4069482338514,Mutant,,105.24246264138516,LLLYVLLALLLGTLLGFLILI,F16A,F,A,16,void,void
LLLYGLLFALLGTLLSALILI,6.0,19668.45135,1882.139298,20669.67404,20838.35285,17497.32715,G,-9.240883596,11.20769023,2362.4619285885306,12.325133810531236,19167.84,20870.217676883163,70.28877149328376,2572.282255224993,Mutant,,102.2087349666828,LLLYGLLFALLGTLLSLLILI,L16A,L,A,16,void,void
LLLLTLLVGLLAALLSTLILI,7.0,19528.53038,1269.601407,20104.7693,20407.82228,18072.99957,G,-9.521775714,-9.568951965,1650.9689711093522,8.580736542191872,19240.410925,20963.550059055666,70.60310546837754,1798.8270004580752,Mutant,,100.43726097301789,LLLLTLLVGLLFALLSTLILI,F11A,F,A,11,void,void
LLLAGLLALLLGTLLSFLILI,6.0,19170.00886,1532.569246,20276.22342,19813.13965,17420.66352,G,-50.47519077,-38.27347337,1691.73609534995,9.087098020182989,18616.901585,20161.664014348305,67.90243478862129,1832.110171483791,Mutant,,98.36836614173512,LLLAGLLYLLLGTLLSFLILI,Y7A,Y,A,7,void,void
LLLYGLLALLLGTLLSALILI,7.0,19367.33297,1146.169382,20283.56487,19736.31652,18082.11753,G,-9.05185997,-0.015198569,1169.6953232609385,6.185847471709044,18909.217025,20537.606533490827,69.16857097520679,1270.425014501494,Mutant,,100.76978807993294,LLLYGLLALLLGTLLSFLILI,F16A,F,A,16,void,void
LLLTVLLGLLLGALLSALILI,7.0,22723.69961,776.0886872,23403.44855,21878.08837,22889.56193,G,174.213827,174.0852797,715.2198132668972,3.195252859929069,22383.82515,25006.24811994133,84.21850156137941,799.0128582133843,Mutant,,92.82806701160466,LLLTVLLGLLLGFLLSALILI,F12A,F,A,12,void,void
LLLTALLFVLLGILLALLILI,7.0,21780.69021,1663.077648,21493.76555,23568.56214,20279.74293,G,-74.14609116,-74.71046044,2325.5463654875853,10.60723492857958,21924.152535,24415.070038947968,82.22747388308133,2589.763837008457,Mutant,,98.02452485516736,LLLTYLLFVLLGILLALLILI,Y4A,Y,A,4,void,void
LLLLTLLVALLAGLLASLILI,6.0,20619.67039,3051.974756,23998.09549,19798.9236,18061.99207,G,-30.83622692,-17.48635456,1228.196063319724,6.487936393429145,18930.457835,20564.92402181792,69.26057349882781,1334.2391898925773,Mutant,,98.262730009747,LLLLTLLVALLAGLLFSLILI,F15A,F,A,15,void,void
LLLATLLVALLAGLLFSLILI,6.0,21535.42702,3356.204405,25340.51467,20269.34917,18996.41721,G,-56.66657719,-38.61817135,900.0988209050843,4.5846491938766745,19632.88319,21468.30277412837,72.3030613001587,984.24637007308,Mutant,,102.57922844857649,LLLLTLLVALLAGLLFSLILI,L3A,L,A,3,void,void
LLLTALLVGLLGALLGFLILI,6.0,20407.06806,1356.164481,21129.30344,21249.26419,18842.63656,G,14.28492977,12.63684816,1701.742716963911,8.489209466896684,20045.950375,21999.54230805108,74.09222204520695,1867.5872282890134,Mutant,,100.0405966633288,LLLTALLVGLLGLLLGFLILI,L12A,L,A,12,void,void
LLLTALLVGLLGLLLGALILI,6.0,20030.79227,1396.871042,20566.97243,21080.136,18445.26838,G,68.41460626,66.94520438,1863.1327616308567,9.427520304250748,19762.70219,21635.26105006673,72.86535980073171,2039.6686283726947,Mutant,,98.3840660913866,LLLTALLVGLLGLLLGFLILI,F16A,F,A,16,void,void
LLLTYLLAILLGLLLGALILI,6.0,22400.87272,972.9469228,22353.64714,23396.57245,21452.39856,G,-62.83378949,-59.31714364,1374.7385414248276,6.130524337418137,22424.485505,25058.54079489524,84.39461797461067,1536.2199420329052,Mutant,,96.6252755880811,LLLTYLLAILLGLLLGFLILI,F16A,F,A,16,void,void
LLLAYLLGLLLGTLLSALILI,6.0,25696.77861,1250.125618,26137.59253,26666.78182,24285.96148,G,409.1189721,339.2464583,1683.4942072008605,6.608061109835711,25476.37165,28983.525959850813,97.61356900067835,1915.2491072120392,Mutant,,99.69752824009032,LLLAYLLGLLLGTLLSFLILI,F16A,F,A,16,void,void
LLLYVLLALLLGALLGTLILI,7.0,19305.48635,2103.769653,21050.05331,19897.17397,16969.23178,G,-99.9988625,95.98545233,2070.367777471192,11.231731086077964,18433.202875,19925.41184853513,67.10676151128747,2237.968676620982,Mutant,,105.33005706364398,LLLYVLLFLLLGALLGTLILI,F7A,F,A,7,void,void
LLLAGLLAALLGILLTLLILI,7.0,20773.67714,1566.136354,21874.15857,21466.21097,18980.66189,G,-31.64679814,9.15043534,1757.548609439985,8.6906526273289,20223.43643,22227.80447110811,74.86098580551263,1931.7412732658877,Mutant,,108.51509258424718,LLLFGLLAALLGILLTLLILI,F3A,F,A,3,void,void
LLLYALLGILLGVLLSLLILI,6.0,21593.14118,1027.451651,21684.9709,22571.59558,20522.85707,G,-78.15782873,-79.54772318,1448.676893299025,6.723263920137179,21547.226325,23930.310872896924,80.59485429188379,1608.8979568941434,Mutant,,81.14580418846607,LLLYFLLGILLGVLLSLLILI,F4A,F,A,4,void,void
LLLAVLLFSLLGALLGTLILI,6.0,21296.45641,3933.692361,25236.77637,21283.16755,17369.42532,G,50.22745356,39.78977134,2767.4336706491604,14.31952407413832,19326.296435,21074.006130029,70.97511028657786,3017.697381174888,Mutant,,102.3173575776971,LLLAVLLFSLLGLLLGTLILI,L12A,L,A,12,void,void
LLLSALLGVLLGLLLAFLILI,7.0,27518.82443,1015.431003,28205.85183,27998.16864,26352.45283,G,-90.54978781,-89.14060593,1163.6968091569129,4.282184003357682,27175.310735,31168.506128823727,104.97236008719422,1334.6927835340484,Mutant,,104.22409551169012,LLLSYLLGVLLGLLLAFLILI,Y4A,Y,A,4,void,void
LLLSYLLGVLLGALLAFLILI,7.0,25256.30975,666.3132139,25320.70169,25888.08935,24560.13821,G,9392.04905,7474.37764,939.0032561784044,3.722641216925261,25224.11378,28659.10088288147,96.52093832212788,1066.875501866337,Mutant,,95.83291721942166,LLLSYLLGVLLGLLLAFLILI,L12A,L,A,12,void,void
LLLTLLLGVLLGALLGILILI,6.0,25462.14066,1604.521921,26419.13762,26357.54472,23609.73963,G,-53.89511732,-46.53812058,1942.9916125179127,7.777055078311106,24983.642175,28349.833945199545,95.47935871573831,2204.782200527907,Mutant,,96.40772284325334,LLLTLLLGVLLGFLLGILILI,F12A,F,A,12,void,void
LLLTALLALLLGVLLGILILI,7.0,23211.44249,1155.337861,23572.15999,24143.38663,21918.78084,G,-28.11680711,-31.10420207,1573.0338395758577,6.830046982050354,23031.083735,25838.67771374426,87.02203980946727,1764.7938273893074,Mutant,,103.52099298081508,LLLTALLFLLLGVLLGILILI,F7A,F,A,7,void,void
LLLTVLLGLLLGALLSILILI,7.0,22075.46101,2616.729514,24446.11806,22512.55728,19267.70769,G,-22.79170482,-10.99327215,2294.4551490193894,10.983439911962764,20890.132485,23085.23230461249,77.74871558362251,2535.55261871413,Mutant,,89.82406667159977,LLLTVLLGLLLGFLLSILILI,F12A,F,A,12,void,void
LLLAALLGLLLGVLLSTLILI,6.0,27515.50767,2560.776374,29763.663,28054.83729,24728.0227,G,-59.68951425,-66.53244693,2352.4131563393425,8.913549424131318,26391.429995,30160.36882310048,101.57705612760375,2688.359381547355,Mutant,,78.74593184693472,LLLAILLGLLLGVLLSTLILI,I4A,I,A,4,void,void
LLLTALLAVLLGLLLGILILI,6.0,21291.08923,1432.235222,21839.17057,22368.3453,19665.75183,G,39.76392331,56.73533895,1911.022169427482,9.092723764315489,21017.048565,23248.457178518893,78.29844036568528,2113.9179907078974,Mutant,,88.24482794823533,LLLTFLLAVLLGLLLGILILI,F4A,F,A,4,void,void
LLLTGLLFALLGILLSALILI,7.0,20177.41917,2380.919653,22653.27686,19974.56273,17904.41791,G,-35.06700683,-37.28159553,1463.8134402602057,7.728895633027815,18939.49032,20576.540565798685,69.29969683803047,1590.3393452182113,Mutant,,88.94244355588799,LLLTGLLFALLGILLSLLILI,L16A,L,A,16,void,void
LLLSALLGLLLGVLLGTLILI,7.0,25862.39224,1529.283214,27443.67432,25752.46215,24391.04026,G,368.2328767,459.5730238,962.6706504748043,3.8396625852079342,25071.751205,28463.149652017502,95.86099449675606,1092.8889077602582,Mutant,,94.9115931244742,LLLSYLLGLLLGVLLGTLILI,Y4A,Y,A,4,void,void
LLLSYLLGALLGVLLGTLILI,7.0,23245.87865,2530.025069,26096.09352,22375.95881,21265.58363,G,-99.99196056,-99.99196056,785.1538194392326,3.598194635392142,21820.77122,24282.11287461424,81.77968766987857,873.7176828142342,Mutant,,80.96974669121295,LLLSYLLGLLLGVLLGTLILI,L8A,L,A,8,void,void
LLLSYLLGLLLGALLGTLILI,6.0,25082.03622,1907.330196,26849.83784,25335.70588,23060.56495,G,-99.96116441,-99.96116441,1608.7675797580691,6.648312161939645,24198.135415,27339.60543945288,92.07701180705796,1817.6223134574584,Mutant,,91.16508676576092,LLLSYLLGLLLGVLLGTLILI,V12A,V,A,12,void,void
LLLAALLFSLLGALLGTLILI,6.0,21223.55456,4656.866377,26455.26694,19683.93886,17531.45787,G,26.38155983,39.60174737,1522.0339044041332,8.179592524280116,18607.698365,20149.827890635428,67.86257192720312,1648.1738157977252,Mutant,,106.72121706839306,LLLAALLFSLLGLLLGTLILI,L12A,L,A,12,void,void
LLLVTLLLGLLFGLLAALILI,6.0,23159.83457,985.7863903,22523.13933,24295.33529,22661.02908,G,-9.064654381,-37.48474977,1155.629003626285,4.9221400299236375,23478.182185,26413.68434903425,88.95860370260709,1300.1185307214896,Mutant,,103.60780899531404,LLLVTLLLGLLFGLLFALILI,F15A,F,A,15,void,void
LLLAALLGVLLGTLLGLLILI,6.0,23949.48248,141.3167297,23805.53415,24088.01171,23954.90158,G,120.6873822,115.8768494,94.123075567621,0.3918291757182529,24021.456645,27112.381513570603,91.31174472401092,106.23422100221167,Mutant,,90.05519163678606,LLLAFLLGVLLGTLLGLLILI,F4A,F,A,4,void,void
LLLAYLLGTLLGILLAALILI,7.0,26031.61767,2512.690395,27272.89907,27682.10629,23139.84765,G,-99.99944131,-99.99944131,3211.861886247185,12.639663126841144,25410.97697,28899.422839133964,97.33031823993107,3652.789692467924,Mutant,,51.63255870446799,LLLAYLLGTLLGILLALLILI,L16A,L,A,16,void,void
LLLAALLGILLGVLLGLLILI,6.0,24990.06092,1130.574851,26270.84968,24568.49208,24130.84101,G,181.5609107,252.3633712,309.4660393905483,1.2709251636716747,24349.666545,27534.48736132711,92.73335430845712,349.9427285631032,Mutant,,60.26116446839653,LLLAFLLGILLGVLLGLLILI,F4A,F,A,4,void,void
