Sequence,EnergyScore,Fluorescence,FluorStdDev,PercentGpa,PercentGpaStdDev,MaltosePercentDiff,Dimer,Monomer,DimerDiff,VDWDimer,VDWDiff,HBONDDimer,HBONDDiff,IMM1Dimer,IMM1Diff,SequenceProbability,DimerSasa,MonomerSasa,startXShift,xShift,xShiftDiff,startCrossingAngle,crossingAngle,crossingAngleDiff,startAxialRotation,axialRotation,axialRotationDiff,startZShift,zShift,zShiftDiff,StartSequence,Interface,BackboneLength,runNumber,DesignDir,SegmentNumber,numInterface
LLLAILFGSLTGYLSTLLILI,-56.4539,40489.09338215348,6413.830055117042,36.87380151282824,5.8411358870693295,-100.0,-416.949,-360.495,-16.4575,-41.2972,3.99927,-138.303,-22.1072,-237.348,1.65039,7.32286e-05,3673.5,4548.97,7.23427,6.61788,0.616389,-56.1803,-51.4742,-4.70605,97.2033,103.286,-6.08266,3.20524,4.36751,-1.16227,LLLAILFGLLTGYLSTLLILI,L--AI-FGS-TGY-ST-----,21,1343,/data02/gloiseau/Sequence_Design_Project/vdwSequenceDesign/sequenceDesign/12_06_2021/design_1742/LLLAILFGLLTGYLSTLLILI/backboneOptimization/LLLAILFGSLTGYLSTLLILI.pdb,13,x0346781011121415
LLLAILFGTLTGYLSTLLILI,-56.1085,112053.33230484,19126.589881372456,102.04803291744877,17.41876688238866,-100.0,-406.576,-350.468,-6.08532,-41.1976,4.0989,-127.204,-11.0077,-238.175,0.823483,7.32286e-05,3664.29,4543.65,7.23427,6.61788,0.616389,-56.1803,-51.4742,-4.70605,97.2033,103.286,-6.08266,3.20524,4.36751,-1.16227,LLLAILFGLLTGYLSTLLILI,L--AI-FGT-TGY-ST-----,21,1343,/data02/gloiseau/Sequence_Design_Project/vdwSequenceDesign/sequenceDesign/12_06_2021/design_1742/LLLAILFGLLTGYLSTLLILI/backboneOptimization/LLLAILFGTLTGYLSTLLILI.pdb,13,x0346781011121415
LLLAILLGYLFGTLSTLLILI,-44.1249,133614.8572467052,11344.613309089787,121.68431826264424,10.33164698085214,-100.0,-398.748,-354.623,8.42472,-50.9952,21.7918,-105.685,-10.4786,-242.067,-2.88854,0.000166204,3622.92,4635.99,7.23427,6.771,0.463271,-56.1803,-46.1702,-10.0101,97.2033,98.1659,-0.962553,3.20524,4.98227,-1.77703,LLLAILLGLLFGTLSTLLILI,L--AI-LGY-FGT-ST-----,21,1168,/data02/gloiseau/Sequence_Design_Project/vdwSequenceDesign/sequenceDesign/12_06_2021/design_1742/LLLAILLGLLFGTLSTLLILI/backboneOptimization/LLLAILLGYLFGTLSTLLILI.pdb,13,x0346781011121415
LLLAILLGTLFGTLSTLLILI,-41.7008,118521.81163118532,15840.564994648812,107.93893841435032,14.42615283950003,-100.0,-407.449,-365.748,-0.276129,-60.1264,12.6606,-108.993,-13.7865,-238.329,0.84971,0.000194634,3608.65,4478.54,7.23427,6.771,0.463271,-56.1803,-46.1702,-10.0101,97.2033,98.1659,-0.962553,3.20524,4.98227,-1.77703,LLLAILLGLLFGTLSTLLILI,L--AI-LGT-FGT-ST-----,21,1168,/data02/gloiseau/Sequence_Design_Project/vdwSequenceDesign/sequenceDesign/12_06_2021/design_1742/LLLAILLGLLFGTLSTLLILI/backboneOptimization/LLLAILLGTLFGTLSTLLILI.pdb,13,x0346781011121415
LLLAILFGLLTGYLSTLLILI,-40.5341,109072.26294765116,13218.761169976562,99.3331447687947,12.038451220101692,-100.0,-400.491,-359.957,-35.0071,-45.2965,-4.69789,-116.196,-25.461,-238.998,-4.84846,0.000166204,3927.33,0.0,7.23427,6.61788,0.616389,-56.1803,-51.4742,-4.70605,97.2033,103.286,-6.08266,3.20524,4.36751,-1.16227,LLLAILFGLLTGYLSTLLILI,L--AI-FGL-TGY-ST-----,21,1343,/data02/gloiseau/Sequence_Design_Project/vdwSequenceDesign/sequenceDesign/12_06_2021/design_1742/LLLAILFGLLTGYLSTLLILI/backboneOptimization/LLLAILFGLLTGYLSTLLILI.pdb,13,x0346781011121415
LLLASLFGLLTGYLSTLLILI,-40.0503,117722.55290840556,55861.52250327453,107.21104591196678,50.87361857052719,-100.0,-404.05,-364.0,-3.55908,-35.3163,9.98022,-131.609,-15.4133,-237.124,1.87398,5.82369e-05,3690.56,4552.78,7.23427,6.61788,0.616389,-56.1803,-51.4742,-4.70605,97.2033,103.286,-6.08266,3.20524,4.36751,-1.16227,LLLAILFGLLTGYLSTLLILI,L--AS-FGL-TGY-ST-----,21,1343,/data02/gloiseau/Sequence_Design_Project/vdwSequenceDesign/sequenceDesign/12_06_2021/design_1742/LLLAILFGLLTGYLSTLLILI/backboneOptimization/LLLASLFGLLTGYLSTLLILI.pdb,13,x0346781011121415
LLLAILLGLLYGTLSTLLILI,-36.6181,84087.19084019883,18407.67361664564,76.579002536507,16.764043018861376,-100.0,-410.53,-373.911,-3.35708,-74.2356,-1.44856,-95.2498,-0.0430611,-241.044,-1.86546,0.000110803,3605.61,4561.78,7.23427,6.771,0.463271,-56.1803,-46.1702,-10.0101,97.2033,98.1659,-0.962553,3.20524,4.98227,-1.77703,LLLAILLGLLFGTLSTLLILI,L--AI-LGL-YGT-ST-----,21,1168,/data02/gloiseau/Sequence_Design_Project/vdwSequenceDesign/sequenceDesign/12_06_2021/design_1742/LLLAILLGLLFGTLSTLLILI/backboneOptimization/LLLAILLGLLYGTLSTLLILI.pdb,13,x0346781011121415
LLLAILLGLLLGTLSTLLILI,-34.0916,125201.24658094932,15083.673606944369,114.02196319909412,13.736844671160442,-100.0,-422.821,-388.729,-15.6482,-89.4037,-16.6167,-95.2067,1.27898e-13,-238.21,0.968417,0.000147251,3629.46,4479.66,7.23427,6.771,0.463271,-56.1803,-46.1702,-10.0101,97.2033,98.1659,-0.962553,3.20524,4.98227,-1.77703,LLLAILLGLLFGTLSTLLILI,L--AI-LGL-LGT-ST-----,21,1168,/data02/gloiseau/Sequence_Design_Project/vdwSequenceDesign/sequenceDesign/12_06_2021/design_1742/LLLAILLGLLFGTLSTLLILI/backboneOptimization/LLLAILLGLLLGTLSTLLILI.pdb,13,x0346781011121415
LLLAILLGLLFGTLSTLLILI,-31.7985,89166.21362891544,23677.567791824244,81.20451678111138,21.56338564614769,,-407.172,-375.374,-25.4215,-72.787,-14.1739,-95.2067,-4.43011,-239.179,-6.81777,0.000294502,3912.78,0.0,7.23427,6.771,0.463271,-56.1803,-46.1702,-10.0101,97.2033,98.1659,-0.962553,3.20524,4.98227,-1.77703,LLLAILLGLLFGTLSTLLILI,L--AI-LGL-FGT-ST-----,21,1168,/data02/gloiseau/Sequence_Design_Project/vdwSequenceDesign/sequenceDesign/12_06_2021/design_1742/LLLAILLGLLFGTLSTLLILI/backboneOptimization/LLLAILLGLLFGTLSTLLILI.pdb,13,x0346781011121415
LLLAILLGLLWGTLSTLLILI,-30.8205,102062.11696124892,7992.218414387432,92.94893830512312,7.278589141963609,-100.0,-416.763,-385.943,-9.59082,-78.438,-5.651,-95.2067,1.27898e-13,-243.119,-3.93982,0.000110803,3651.36,4584.01,7.23427,6.771,0.463271,-56.1803,-46.1702,-10.0101,97.2033,98.1659,-0.962553,3.20524,4.98227,-1.77703,LLLAILLGLLFGTLSTLLILI,L--AI-LGL-WGT-ST-----,21,1168,/data02/gloiseau/Sequence_Design_Project/vdwSequenceDesign/sequenceDesign/12_06_2021/design_1742/LLLAILLGLLFGTLSTLLILI/backboneOptimization/LLLAILLGLLWGTLSTLLILI.pdb,13,x0346781011121415
LLLAILFGLLTGYLSFLLILI,-24.2006,83315.69685060238,7201.258687022952,75.87639564007156,6.558254613447493,-100.0,-366.754,-342.554,33.7368,-29.5723,15.7242,-96.0007,20.1955,-241.181,-2.1828,0.000166204,3642.04,4664.86,7.23427,6.61788,0.616389,-56.1803,-51.4742,-4.70605,97.2033,103.286,-6.08266,3.20524,4.36751,-1.16227,LLLAILFGLLTGYLSTLLILI,L--AI-FGL-TGY-SF-----,21,1343,/data02/gloiseau/Sequence_Design_Project/vdwSequenceDesign/sequenceDesign/12_06_2021/design_1742/LLLAILFGLLTGYLSTLLILI/backboneOptimization/LLLAILFGLLTGYLSFLLILI.pdb,13,x0346781011121415
LLLAILFGLLIGYLSTLLILI,-5.52397,111938.88206247627,10269.551753219856,101.94380199579824,9.352578221493522,-100.0,-362.272,-356.748,38.2191,-15.963,29.3335,-106.109,10.0875,-240.2,-1.20196,0.000118584,3653.28,4626.07,7.23427,6.61788,0.616389,-56.1803,-51.4742,-4.70605,97.2033,103.286,-6.08266,3.20524,4.36751,-1.16227,LLLAILFGLLTGYLSTLLILI,L--AI-FGL-IGY-ST-----,21,1343,/data02/gloiseau/Sequence_Design_Project/vdwSequenceDesign/sequenceDesign/12_06_2021/design_1742/LLLAILFGLLTGYLSTLLILI/backboneOptimization/LLLAILFGLLIGYLSTLLILI.pdb,13,x0346781011121415
LLLAILLGLLFWTLSTLLILI,0.0,101174.6901214742,8974.146095326523,92.14075026203317,8.172839997747381,-100.0,2684.47,-380.408,3091.64,3016.47,3089.26,-82.692,12.5148,-249.313,-10.1338,0.000221606,3602.07,4790.53,7.23427,6.771,0.463271,-56.1803,-46.1702,-10.0101,97.2033,98.1659,-0.962553,3.20524,4.98227,-1.77703,LLLAILLGLLFGTLSTLLILI,L--AI-LGL-FWT-ST-----,21,1168,/data02/gloiseau/Sequence_Design_Project/vdwSequenceDesign/sequenceDesign/12_06_2021/design_1742/LLLAILLGLLFGTLSTLLILI/backboneOptimization/LLLAILLGLLFWTLSTLLILI.pdb,13,x0346781011121415
LLLAILLFLLFGTLSTLLILI,0.0,51414.91502990628,8814.416625545387,46.82405095411052,8.027372854068265,-81.25264518023337,7440620.0,-365.928,7441030.0,7440960.0,7441030.0,-92.0223,3.18439,-245.307,-6.1286,0.000294502,3744.57,4700.64,7.23427,6.771,0.463271,-56.1803,-46.1702,-10.0101,97.2033,98.1659,-0.962553,3.20524,4.98227,-1.77703,LLLAILLGLLFGTLSTLLILI,L--AI-LFL-FGT-ST-----,21,1168,/data02/gloiseau/Sequence_Design_Project/vdwSequenceDesign/sequenceDesign/12_06_2021/design_1742/LLLAILLGLLFGTLSTLLILI/backboneOptimization/LLLAILLFLLFGTLSTLLILI.pdb,13,x0346781011121415
LLLAILFLLLTGYLSTLLILI,0.0,61125.54486766249,3907.800242134878,55.6676136840134,3.558870758607232,-100.0,5465430.0,-369.21,5465830.0,5465790.0,5465830.0,-112.974,3.22168,-244.712,-5.71385,0.000221606,3715.84,4704.93,7.23427,6.61788,0.616389,-56.1803,-51.4742,-4.70605,97.2033,103.286,-6.08266,3.20524,4.36751,-1.16227,LLLAILFGLLTGYLSTLLILI,L--AI-FLL-TGY-ST-----,21,1343,/data02/gloiseau/Sequence_Design_Project/vdwSequenceDesign/sequenceDesign/12_06_2021/design_1742/LLLAILFGLLTGYLSTLLILI/backboneOptimization/LLLAILFLLLTGYLSTLLILI.pdb,13,x0346781011121415
LLLAILFGLLTWYLSTLLILI,0.0,85472.62324387679,4366.389456671325,77.84072897183339,3.976512307484052,-100.0,644.209,-365.548,1044.7,983.763,1029.06,-89.5904,26.6057,-249.963,-10.9648,0.000125065,3736.48,4861.69,7.23427,6.61788,0.616389,-56.1803,-51.4742,-4.70605,97.2033,103.286,-6.08266,3.20524,4.36751,-1.16227,LLLAILFGLLTGYLSTLLILI,L--AI-FGL-TWY-ST-----,21,1343,/data02/gloiseau/Sequence_Design_Project/vdwSequenceDesign/sequenceDesign/12_06_2021/design_1742/LLLAILFGLLTGYLSTLLILI/backboneOptimization/LLLAILFGLLTWYLSTLLILI.pdb,13,x0346781011121415
LLLAILLLLLFGTLSTLLILI,0.0,67599.38750923034,33717.751956488966,61.56340360297651,30.70707662845236,-100.0,896923.0,-384.44,897330.0,897259.0,897331.0,-92.0035,3.20326,-243.942,-4.76342,0.000294502,3661.31,4644.38,7.23427,6.771,0.463271,-56.1803,-46.1702,-10.0101,97.2033,98.1659,-0.962553,3.20524,4.98227,-1.77703,LLLAILLGLLFGTLSTLLILI,L--AI-LLL-FGT-ST-----,21,1168,/data02/gloiseau/Sequence_Design_Project/vdwSequenceDesign/sequenceDesign/12_06_2021/design_1742/LLLAILLGLLFGTLSTLLILI/backboneOptimization/LLLAILLLLLFGTLSTLLILI.pdb,13,x0346781011121415
