Sequence,Segments,Fluorescence,FluorStdDev,Rep1-Fluor,Rep2-Fluor,Rep3-Fluor,Sample,Average Percent GpA,LB-12H_M9-24H,LB-12H_M9-36H,LB-24H_M9-24H,LB-24H_M9-36H,LB-36H_M9-24H,LB-36H_M9-36H,Rep1-Fluor_transformed,Rep2-Fluor_transformed,Rep3-Fluor_transformed,PercentGpA_transformed,std_adjusted,Percent GpA,Type,Mutant Type,mean_transformed,percent_wt,wt_seq,position,wt_aa,mut_aa,mut_position
LLLAALLYTLLGGLLFLLILI,13.0,26832.765658634944,919.6770614121764,27483.15167080184,27234.59013767202,25780.55516743097,D,83.22667167410742,99999900.0,99999900.0,99999900.0,99999900.0,99999900.0,99999900.0,0.326791003899279,0.2619466386303051,0.4548456683465162,0.3478611036253669,0.0981604336951217,42.58096886745192,WT,,,76.08164753773514,LLLAVLLYTLLGGLLFLLILI,V4A,V,A,4
LLLYFLLAALLGLLLGTLILI,13.0,26324.183227131514,1222.5622234485986,27237.394530448582,26799.882368351384,24935.27278259458,D,80.68198931681466,99999900.0,99999900.0,99999900.0,99999900.0,99999900.0,99999900.0,0.2845778464726236,0.1558531642741445,0.2950587336076987,0.2451632481181556,0.0775221294596115,27.622307134400646,WT,,,87.91109214782867,LLLYFLLAVLLGLLLGTLILI,V8A,V,A,8
LLLYFLLAVLLGLLLATLILI,13.0,26452.858639657337,1176.728281214881,27541.09248627733,26613.369113709883,25204.1143189848,D,81.3067418457212,99999900.0,99999900.0,99999900.0,99999900.0,99999900.0,99999900.0,0.336743368911258,0.1103332987577849,0.3458788687493787,0.2643185121394739,0.1334333121618297,32.379900188269175,WT,,,104.02593772307473,LLLYFLLAVLLGLLLGTLILI,G15A,G,A,15
LLLAYLLAVLLGLLLGFLILI,13.0,29305.550112676265,879.4166263689926,29899.913205198107,29721.40642545238,28295.330707378303,D,95.31195026329829,99999900.0,99999900.0,99999900.0,99999900.0,99999900.0,99999900.0,0.7419127577067594,0.8688715630880162,0.9302232253532372,0.8470025153826709,0.0960411343746147,87.08405719799195,WT,,,59.205144605623616,LLLAYLLGVLLGLLLGFLILI,G7A,G,A,7
LLLAYLLGVLLGLLLAFLILI,13.0,31272.39035572257,1369.765930532288,32695.796661289405,31157.9263270774,29963.44807880091,D,104.80145898753187,99999900.0,99999900.0,99999900.0,99999900.0,99999900.0,99999900.0,1.222155440824387,1.219464301707222,1.245553778013201,1.2290578401816037,0.014349129978676,116.6041370408567,WT,,,97.52883860390082,LLLAYLLGVLLGLLLGFLILI,G15A,G,A,15
LLLTALLAALLGVLLGLLILI,6.0,27888.85610276549,1940.110052205065,29649.55939359868,28208.07519553154,25808.933719166263,D,88.1657714707614,99999900.0,99999900.0,99999900.0,99999900.0,99999900.0,99999900.0,0.6989100402832946,0.4995324820660716,0.4602101735999729,0.552884231983113,0.1279813013805797,43.083174004453895,Mutant,void,,51.8758490754425,LLLTALLAFLLGVLLGLLILI,F8A,F,A,8
LLLAYLLGVLLGLLLGFLILI,13.0,31335.604259287524,1414.176709396238,32876.07884559543,31034.51438657131,30096.219545695832,D,105.10527465494783,99999900.0,99999900.0,99999900.0,99999900.0,99999900.0,99999900.0,1.2531221106692283,1.1893447536582216,1.270652071904683,1.2377063120773777,0.0427896615408,118.95374646926872,WT,,,102.44422139625355,LLLSYLLGVLLGLLLGFLILI,S3A,S,A,3
LLLSYLLGVLLGLLLAFLILI,13.0,29582.996644058367,1690.9826171863128,31004.67872279862,30031.26615242209,27713.04505695439,D,96.49473458401656,99999900.0,99999900.0,99999900.0,99999900.0,99999900.0,99999900.0,0.9316758736307804,0.9444949986862424,0.820151560673221,0.8987741443300813,0.0683901709857262,76.77955513695946,WT,,,76.16560960432454,LLLSYLLGVLLGLLLGFLILI,G15A,G,A,15
LLLTVLLALLLGLLLGFLILI,13.0,27419.4385724005,797.2794705406159,27820.114296509048,27936.9090254472,26501.29239524526,D,86.13071573842906,99999900.0,99999900.0,99999900.0,99999900.0,99999900.0,99999900.0,0.3846703247012354,0.4333524799072388,0.5910893597454424,0.4697040547846389,0.1079040418807182,55.33559925215796,WT,,,62.539778068736794,LLLTVLLGLLLGLLLGFLILI,G7A,G,A,7
LLLTVLLGALLGLLLGFLILI,13.0,27478.629999456018,1331.2480869181356,27775.672693709766,28636.26549485076,26023.95180980752,D,86.37571122717509,99999900.0,99999900.0,99999900.0,99999900.0,99999900.0,99999900.0,0.377036689427964,0.6040353222416123,0.50085585867906,0.4939759567828787,0.1136555964851365,46.88827268163935,WT,,,61.29870012434671,LLLTVLLGLLLGLLLGFLILI,L8A,L,A,8
LLLTYLLAVLLGLLLAFLILI,13.0,28035.80988354945,1127.3202542184242,29256.64894625972,27816.56159703682,27034.21910735181,D,89.04834728127564,99999900.0,99999900.0,99999900.0,99999900.0,99999900.0,99999900.0,0.6314206865894153,0.4039808474888892,0.6918305171332477,0.5757440170705174,0.1517869451735853,64.76661373668684,WT,,,90.75690311214309,LLLTYLLGVLLGLLLAFLILI,G7A,G,A,7
LLLTVLLAILLGLLLAFLILI,13.0,26508.39249367081,1187.5685769377658,26670.85996103226,27606.36288416319,25247.954635816983,D,81.67130495520799,99999900.0,99999900.0,99999900.0,99999900.0,99999900.0,99999900.0,0.1872654634751757,0.3526803800764757,0.3541661700941825,0.2980373378819446,0.0959341337204121,33.15572668309125,WT,,,34.48018751073623,LLLTVLLAILLGLLLGFLILI,G15A,G,A,15
LLLTALLAILLGLLLGFLILI,15.0,27434.21445164486,1076.240221321001,28298.67315917095,27775.177422744026,26228.792773019613,D,86.12623986504836,99999900.0,99999900.0,99999900.0,99999900.0,99999900.0,99999900.0,0.466871316210292,0.3938807500350409,0.5395777227658675,0.4667765963370668,0.0728485325495482,50.51327035428714,Mutant,void,,85.96251667328426,LLLTVLLAILLGLLLGFLILI,V4A,V,A,4
LLLVFLLATLLGILLALLILI,13.0,27669.80594235045,861.7501898899253,28447.75491391564,26743.514103408823,27818.14880972688,D,87.42339668434677,99999900.0,99999900.0,99999900.0,99999900.0,99999900.0,99999900.0,0.4924787576601462,0.1420960945982772,0.8400197216408873,0.4915315246331036,0.3489627777197501,78.63953886878916,WT,,,47.36453317334852,LLLVFLLGTLLGILLALLILI,G7A,G,A,7
LLLAYLLALLLGFLLGTLILI,13.0,29832.164095628938,1321.619148828829,31159.188616962387,29821.28619996749,28516.01746995694,D,97.77755383347896,99999900.0,99999900.0,99999900.0,99999900.0,99999900.0,99999900.0,0.9582156945162918,0.8932479212855663,0.9719404809857426,0.9411346989292004,0.0420351049210791,90.989472346345,WT,,,83.02580376524251,LLLAYLLGLLLGFLLGTLILI,G7A,G,A,7
LLLTVLLAILLGLLLGFLILI,13.0,27664.31361176884,1214.9434712480336,28742.52255370267,27902.50364514287,26347.914636460955,D,87.2167405955379,99999900.0,99999900.0,99999900.0,99999900.0,99999900.0,99999900.0,0.5431103395736062,0.4249556059826349,0.5620957803536311,0.5100539086366241,0.0743061409060207,52.62132760497107,WT,,,74.94500940739384,LLLTVLLGILLGLLLGFLILI,G7A,G,A,7
LLLTVLLGILLGLLLAFLILI,13.0,28532.34788956948,1285.45421673347,29863.20538604134,28436.13464216021,27297.703640506887,D,91.4381058318348,99999900.0,99999900.0,99999900.0,99999900.0,99999900.0,99999900.0,0.7356075372495777,0.5551919865888274,0.7416379976382232,0.6774791738255428,0.1059467259278236,69.42940580956383,WT,,,101.50812787435027,LLLTVLLGILLGLLLGFLILI,G15A,G,A,15
LLLTVLLGALLGLLLGFLILI,13.0,27478.629999456018,1331.2480869181356,27775.672693709766,28636.26549485076,26023.95180980752,D,86.37571122717509,99999900.0,99999900.0,99999900.0,99999900.0,99999900.0,99999900.0,0.377036689427964,0.6040353222416123,0.50085585867906,0.4939759567828787,0.1136555964851365,46.88827268163935,WT,,,52.02813531094963,LLLTVLLGILLGLLLGFLILI,I8A,I,A,8
LLLSYLLALLLGTLLGFLILI,13.0,27550.35490239639,1109.663349977247,27864.42891015017,28469.12963322164,26317.50616381736,D,86.74681401153073,99999900.0,99999900.0,99999900.0,99999900.0,99999900.0,99999900.0,0.3922821473292388,0.563244645145007,0.5563475514528831,0.5039581146423763,0.0967756877105154,52.08319967961229,WT,,,40.94360568322991,LLLSYLLGLLLGTLLGFLILI,G7A,G,A,7
LLLAYLLGLLLGTLLGFLILI,13.0,29889.41472903281,1348.3374766920135,31445.931362824464,29142.074490984465,29080.23833328951,D,98.08530965722927,99999900.0,99999900.0,99999900.0,99999900.0,99999900.0,99999900.0,1.007468858247886,0.7274815487590067,1.078597290455457,0.93784923248745,0.185622561223116,100.9742882951071,WT,,,105.1523959249031,LLLSYLLGLLLGTLLGFLILI,S3A,S,A,3
LLLAALLALLLGFLLGTLILI,13.0,28871.97309825561,1193.131768958547,30050.718507982765,28900.243382815148,27664.95740396892,D,93.11494001580236,99999900.0,99999900.0,99999900.0,99999900.0,99999900.0,99999900.0,0.7678162491702123,0.6684609738261508,0.811061369268346,0.7491128640882364,0.0731168971935429,75.92856504483161,WT,,,80.12979265151847,LLLAYLLALLLGFLLGTLILI,Y4A,Y,A,4
LLLYFLLAVLLGLLLATLILI,13.0,26452.858639657337,1176.728281214881,27541.09248627733,26613.369113709883,25204.1143189848,D,81.3067418457212,99999900.0,99999900.0,99999900.0,99999900.0,99999900.0,99999900.0,0.336743368911258,0.1103332987577849,0.3458788687493787,0.2643185121394739,0.1334333121618297,32.379900188269175,WT,,,25.471511567664773,LLLYFLLGVLLGLLLATLILI,G7A,G,A,7
LLLTYLLAVLLGLLLAFLILI,13.0,28035.80988354945,1127.3202542184242,29256.64894625972,27816.56159703682,27034.21910735181,D,89.04834728127564,99999900.0,99999900.0,99999900.0,99999900.0,99999900.0,99999900.0,0.6314206865894153,0.4039808474888892,0.6918305171332477,0.5757440170705174,0.1517869451735853,64.76661373668684,WT,,,67.29813584311152,LLLTYLLAVLLGLLLGFLILI,G15A,G,A,15
LLLAYLLAVLLGLLLGFLILI,13.0,29305.550112676265,879.4166263689926,29899.913205198107,29721.40642545238,28295.330707378303,D,95.31195026329829,99999900.0,99999900.0,99999900.0,99999900.0,99999900.0,99999900.0,0.7419127577067594,0.8688715630880162,0.9302232253532372,0.8470025153826709,0.0960411343746147,87.08405719799195,WT,,,79.07461160573885,LLLTYLLAVLLGLLLGFLILI,T3A,T,A,3
LLLAYLLGVLLGTLLGLLILI,13.0,31083.721765509334,1424.7513994690305,32253.82571711457,31500.198175284128,29497.141404129296,D,103.8777400754076,99999900.0,99999900.0,99999900.0,99999900.0,99999900.0,99999900.0,1.1462390747011415,1.3029981424004904,1.157406058942432,1.2022144253480214,0.0874596684274838,108.35207366486814,WT,,,88.54773801360359,LLLSYLLGVLLGTLLGLLILI,S3A,S,A,3
LLLAFLLALLLGVLLGTLILI,13.0,28348.97050018289,711.4373491071082,29049.805095909465,28369.72196956589,27627.38443507332,D,90.65922892688126,99999900.0,99999900.0,99999900.0,99999900.0,99999900.0,99999900.0,0.5958915784421615,0.5389835089077841,0.8039588084714271,0.6462779652737909,0.1394885956921587,75.26364957741116,WT,,,41.99900875218148,LLLAFLLGLLLGVLLGTLILI,G7A,G,A,7
LLLYALLALLLGVLLSTLILI,13.0,26569.34429014128,815.0539684901456,27163.99828007422,26903.763245493577,25640.271344856043,D,81.95854632880291,99999900.0,99999900.0,99999900.0,99999900.0,99999900.0,99999900.0,0.2719707357814522,0.1812060195783057,0.4283272853720139,0.2938346802439239,0.1250030161734695,40.09841595239985,WT,,,50.21190884618293,LLLYILLALLLGVLLSTLILI,I4A,I,A,4
LLLYTLLAVLLGLLLGFLILI,13.0,26883.708789632256,1718.1393387856706,28461.540157826323,27136.34911345798,25053.237097612466,D,83.30144703528538,99999900.0,99999900.0,99999900.0,99999900.0,99999900.0,99999900.0,0.4948466183478561,0.2379702289161106,0.3173579754272482,0.350058274230405,0.1315231995437848,29.709879662325967,WT,,,53.0697136847011,LLLYTLLGVLLGLLLGFLILI,G7A,G,A,7
LLLAFLLGTLLGLLLAVLILI,13.0,32132.139458772966,950.9475358483724,32786.7527368201,32568.31976010227,31041.345879396533,D,109.10059555707358,99999900.0,99999900.0,99999900.0,99999900.0,99999900.0,99999900.0,1.2377787636290425,1.5636806927613065,1.4493128869318437,1.4169241144407307,0.1653474864962985,135.67931105507768,WT,,,105.4880918518045,LLLYFLLGTLLGLLLAVLILI,Y3A,Y,A,3
LLLYFLLATLLGILLALLILI,13.0,27264.044619561475,1406.8136903475186,28833.31234247157,26842.96800218724,26115.853514025624,D,85.22908618370481,99999900.0,99999900.0,99999900.0,99999900.0,99999900.0,99999900.0,0.5587050996710153,0.1663685148408638,0.5182283863428496,0.4144340002849096,0.2157821931529689,48.5146244556156,WT,,,42.82363424923472,LLLYFLLGTLLGILLALLILI,G7A,G,A,7
LLLALLLGLLLGTLLAFLILI,13.0,30487.39205900869,1218.084967760872,31827.49002790233,30187.25396114181,29447.43218798193,D,101.00400074946788,99999900.0,99999900.0,99999900.0,99999900.0,99999900.0,99999900.0,1.0730083415495075,0.982564915426269,1.1480093373036693,1.0678608647598151,0.0828422390484595,107.472387346186,WT,,,85.78423564696881,LLLALLLGLLLGTLLGFLILI,G15A,G,A,15
LLLTVLLAILLGLLLAFLILI,13.0,26508.39249367081,1187.5685769377658,26670.85996103226,27606.36288416319,25247.954635816983,D,81.67130495520799,99999900.0,99999900.0,99999900.0,99999900.0,99999900.0,99999900.0,0.1872654634751757,0.3526803800764757,0.3541661700941825,0.2980373378819446,0.0959341337204121,33.15572668309125,WT,,,25.45725186223045,LLLTVLLGILLGLLLAFLILI,G7A,G,A,7
LLLAFLLGVLLGILLGLLILI,13.0,32229.083811559747,942.2177065803068,32774.84270573476,32771.302290285515,31141.106438658964,D,109.5854074864786,99999900.0,99999900.0,99999900.0,99999900.0,99999900.0,99999900.0,1.2357330040778076,1.6132200002698889,1.4681710037675082,1.4390413360384011,0.1904219294882713,137.44473819170915,WT,,,94.34426677234188,LLLTFLLGVLLGILLGLLILI,T3A,T,A,3
LLLTFLLAILLGLLLGVLILI,13.0,28792.84011031627,1163.9906044867644,30107.20664352902,28378.976776331896,27892.336911087885,D,92.7458725206598,99999900.0,99999900.0,99999900.0,99999900.0,99999900.0,99999900.0,0.7775190905815536,0.5412422092890425,0.8540437797819576,0.7242683598841846,0.1630580751314123,79.952419312987,WT,,,53.68285996288802,LLLTFLLGILLGLLLGVLILI,G7A,G,A,7
LLLYLLLGALLGFLLATLILI,13.0,31393.919773674075,1281.047676905736,32660.713362303213,31421.96734841988,30099.07861029914,D,105.41235420909008,99999900.0,99999900.0,99999900.0,99999900.0,99999900.0,99999900.0,1.2161292605839198,1.2839053614346607,1.2711925317289714,1.2570757179158507,0.0360258696745573,119.0043423187044,WT,,,73.19764630281702,LLLYLLLGILLGFLLATLILI,I8A,I,A,8
LLLALLLGFLLGVLLGTLILI,13.0,30632.4917681324,2063.9582411190336,32392.236419533416,31144.52378270902,28360.71510215476,D,101.5442514771628,99999900.0,99999900.0,99999900.0,99999900.0,99999900.0,99999900.0,1.1700135732257502,1.2161933169270878,0.9425830854526586,1.1095966585351655,0.1464694247186753,88.24114157787128,WT,,,93.54248579040768,LLLGLLLGFLLGVLLGTLILI,G3A,G,A,3
LLLYLLLATLLGILLAFLILI,13.0,25956.696824349623,2296.732667446943,26541.847822257267,27904.250714059257,23423.991936732345,D,78.80448464943902,99999900.0,99999900.0,99999900.0,99999900.0,99999900.0,99999900.0,0.1651053353249617,0.4253819903823632,0.0093755841397797,0.1999543032823682,0.2101812799335126,0.8777075042209651,WT,,,20.48083521829848,LLLYLLLGTLLGILLAFLILI,G7A,G,A,7
LLLALLLGLLLGTLLGFLILI,13.0,31008.9923387138,1712.3027626079563,32862.68972323302,30677.824144544185,29486.463148364168,D,103.44950962996008,99999900.0,99999900.0,99999900.0,99999900.0,99999900.0,99999900.0,1.2508222908988784,1.1022920030144088,1.1553875077603946,1.169500600557894,0.075264175714572,108.1631043703992,WT,,,102.261600374479,LLLGLLLGLLLGTLLGFLILI,G3A,G,A,3
LLLTALLAILLGLLLGVLILI,6.0,28011.44907699091,369.0143201135565,28369.78928772272,28031.943160898845,27632.61478235116,D,89.08091032645704,99999900.0,99999900.0,99999900.0,99999900.0,99999900.0,99999900.0,0.4790867754470611,0.4565462259685435,0.8049475208522102,0.5801935074226049,0.1949687000706389,75.35620917297253,Mutant,void,,61.61736493038686,LLLTFLLAILLGLLLGVLILI,F4A,F,A,4
LLLTLLLGLLLGVLLAILILI,13.0,30989.230222957365,1285.0012685939837,32443.11086459848,30005.57689081082,30519.002913462795,D,103.50100971460851,99999900.0,99999900.0,99999900.0,99999900.0,99999900.0,99999900.0,1.178752163508166,0.9382253545475064,1.3505724152194354,1.1558499777583693,0.2071253417505533,126.43559336237568,WT,,,83.86843070985508,LLLTLLLGLLLGVLLGILILI,G15A,G,A,15
LLLTYLLGVLLGLLLAFLILI,13.0,29504.76561161525,707.3796038581092,29631.030938466232,30140.509692960164,28742.75620341937,D,96.35786675464828,99999900.0,99999900.0,99999900.0,99999900.0,99999900.0,99999900.0,0.6957274487530772,0.9711566495345014,1.014801763625077,0.8938952873042186,0.1730002692859703,95.00198707099696,WT,,,89.22005496420573,LLLTYLLGVLLGLLLGFLILI,G15A,G,A,15
LLLTALLGVLLGLLLGFLILI,13.0,31270.0948045814,1114.668869806161,32518.938333740432,30915.449000890047,30375.897079113696,D,104.85031684982742,99999900.0,99999900.0,99999900.0,99999900.0,99999900.0,99999900.0,1.191776879239937,1.1602860127430938,1.3235205766574507,1.2251944895468272,0.0865963811197959,123.90310030862706,WT,,,80.20326737389485,LLLTLLLGVLLGLLLGFLILI,L4A,L,A,4
LLLTLLLGVLLGLLLGALILI,7.0,33177.33690440097,1525.5517624580102,34718.81748876423,33144.96399094218,31668.22923349648,D,114.07138614667956,99999900.0,99999900.0,99999900.0,99999900.0,99999900.0,99999900.0,1.56964522909603,1.7044147542041277,1.5678150246639664,1.6139583359880412,0.0783429008234211,146.7730428165372,Mutant,void,,105.63275574840392,LLLTLLLGVLLGLLLGFLILI,F16A,F,A,16
LLLTALLAILLGLLLGFLILI,15.0,27434.21445164486,1076.240221321001,28298.67315917095,27775.177422744026,26228.792773019613,D,86.12623986504836,99999900.0,99999900.0,99999900.0,99999900.0,99999900.0,99999900.0,0.466871316210292,0.3938807500350409,0.5395777227658675,0.4667765963370668,0.0728485325495482,50.51327035428714,Mutant,void,,35.83047689686748,LLLTALLGILLGLLLGFLILI,G7A,G,A,7
LLLYLLLAILLGVLLATLILI,13.0,25800.00098682153,1015.1875084397954,26101.777175081832,26630.08385375064,24668.141931632133,D,78.21090000596217,99999900.0,99999900.0,99999900.0,99999900.0,99999900.0,99999900.0,0.0895153789909804,0.1144126480794111,0.2445619758197992,0.1494966676300636,0.0832648071992152,22.89498747212849,WT,,,5.742028842217374,LLLYLLLGILLGVLLATLILI,G7A,G,A,7
LLLAFLLATLLGLLLGVLILI,13.0,28907.25473778635,537.6889365310676,29248.15782513263,29186.18967170932,28287.41671651709,D,93.43261148046504,99999900.0,99999900.0,99999900.0,99999900.0,99999900.0,99999900.0,0.6299621855979433,0.738248167451523,0.9287272136488068,0.765645855566091,0.1512551172095532,86.94400611639483,WT,,,39.994329758036194,LLLAFLLGTLLGLLLGVLILI,G7A,G,A,7
LLLAFLLGTLLGLLLAVLILI,13.0,32132.139458772966,950.9475358483724,32786.7527368201,32568.31976010227,31041.345879396533,D,109.10059555707358,99999900.0,99999900.0,99999900.0,99999900.0,99999900.0,99999900.0,1.2377787636290425,1.5636806927613065,1.4493128869318437,1.4169241144407307,0.1653474864962985,135.67931105507768,WT,,,78.5827041238773,LLLAFLLGTLLGLLLGVLILI,G15A,G,A,15
LLLYALLFILLGVLLALLILI,13.0,27419.603211557565,636.3758931116943,27904.789333977555,27654.94330183635,26699.07699885879,D,86.14301188165796,99999900.0,99999900.0,99999900.0,99999900.0,99999900.0,99999900.0,0.3992147675671807,0.3645367711059564,0.6284773334177615,0.4640762906969661,0.1434273962512209,58.83572303864035,WT,,,16.91484100538329,LLLYGLLFILLGVLLALLILI,G4A,G,A,4
LLLALLLGILLGLLLGFLILI,13.0,31593.490987272544,2131.2013039301323,33954.80609700537,31012.96859408563,29812.69827072663,D,106.2256218855188,99999900.0,99999900.0,99999900.0,99999900.0,99999900.0,99999900.0,1.43841269151964,1.1840863521667204,1.217056970109986,1.2798520045987822,0.1383035935523764,113.93637130273352,WT,,,61.09550968089468,LLLTLLLGILLGLLLGFLILI,T3A,T,A,3
LLLTALLGILLGLLLGFLILI,13.0,30908.35065940098,1990.152557138824,33166.46191364724,30148.628720520595,29409.961344035102,D,102.91919636479012,99999900.0,99999900.0,99999900.0,99999900.0,99999900.0,99999900.0,1.3030005644471585,0.9731381550494034,1.140926081573102,1.1390216003565543,0.1649394512236267,106.80927914766248,WT,,,55.34398025596512,LLLTLLLGILLGLLLGFLILI,L4A,L,A,4
LLLGALLALLLGTLLSFLILI,13.0,26559.448845095583,962.1509011507792,27441.3484968,26703.66917383773,25533.328864649025,D,81.87099912240258,99999900.0,99999900.0,99999900.0,99999900.0,99999900.0,99999900.0,0.3196105656725935,0.1323716605945323,0.4081115427844603,0.2866979230171954,0.1407854828895731,38.205892915119314,WT,,,13.352464585871596,LLLGYLLALLLGTLLSFLILI,Y4A,Y,A,4
